# r	vx_0	vx_1	vx_2	vx_3	vx_4	vx_5	vx_6	vx_7	
2.030139220299999714e+00 -1.666264999994382379e-02 -3.135218353000000207e+02 8.186722499999916636e-01 2.217105000005403781e-02 3.126963423999999350e+02 -8.850049999864495476e-03 -1.150515000006180344e-02 6.317149999972571095e-03
3.030139220299999714e+00 -6.713499999477789970e-04 -3.121657816333332676e+02 3.711191333332806153e-01 8.003250000058415026e-03 3.117821731499998350e+02 -5.187999999861858669e-03 -5.493100000080630707e-03 7.476749999909770850e-03
4.030139220299998826e+00 2.636725000002115848e-02 -3.115223694000001160e+02 7.499649999999746797e-03 5.844100000103935599e-03 3.114786301000001458e+02 3.661999999167164788e-04 4.638699999759410275e-03 4.333500000029744115e-03
5.030139220299998826e+00 9.369812000002184504e-01 -3.114579620000001796e+02 2.668760000005931943e-02 -1.168819999998049752e-02 3.116321410499997455e+02 -1.128295899999784524e+00 1.126007099999924321e+00 1.446535000013682293e-02
6.030139220299998826e+00 9.673155999994378362e-01 -3.103501129199997877e+02 3.218081999983724018e-02 -1.227417999987778785e-02 3.102545532799999251e+02 -8.896485000000211585e-01 8.949585000000297441e-01 6.347699999878386734e-03
7.030139220299998826e+00 3.997799999979179120e-03 -3.067251190499998188e+02 -1.077546700000141300e+00 -7.347049999907540041e-03 3.077989959500002897e+02 4.821749999791791197e-03 -7.965100000092206756e-03 6.134050000127899693e-03
8.030139220299998826e+00 5.828849999488738831e-03 -3.047343292000000474e+02 -1.159507724999684797e+00 2.383010449999858338e-01 3.056312133299999232e+02 1.168830000005982583e-02 1.129100000071048271e-03 5.157499999768333510e-03
9.030139220299998826e+00 -3.662099999928614125e-03 -3.047221526499997708e+02 -1.580759833332194830e-01 1.814066833330798545e-01 3.046791686500000651e+02 -9.143371499999375374e-01 9.239807500002825691e-01 7.018999999672814738e-03
1.003013922029999883e+01 -7.431034999990515644e-02 -3.045156554499999402e+02 -8.363496000001759967e-01 -8.651699999973061495e-03 3.054200134000002436e+02 -1.048339799999666866e+00 9.761657499998364074e-01 7.479864999959318084e-02
1.103013922029999883e+01 -1.261657599998670776e+00 -3.036450120000008610e+02 -1.515670749999571854e+00 3.509999996822443791e-04 3.064159773999995195e+02 -1.271026649999839719e+00 3.753700000288517913e-03 1.259094200000163255e+00
1.203013922029999883e+01 -1.157684349999726692e+00 -3.040048064999996313e+02 -1.143157950000386336e+00 -6.637499996031692717e-04 3.063114699999987351e+02 -1.178985599998668476e+00 -8.027136666680689814e-02 1.248270666665689532e+00
1.303013922029999705e+01 6.195099999786179978e-03 -3.051621703999999227e+02 1.869200000055570854e-02 5.645700000059150625e-03 3.051321563999999853e+02 -1.095574999999371357e-02 2.655049999702896457e-03 7.812400000148045365e-03
1.403013922029999705e+01 8.361800000784569420e-03 -3.050490111999997680e+02 2.003479999984847382e-02 1.129149999997025589e-02 3.050076752000004490e+02 -9.643600000345031731e-03 6.713999991916352883e-04 1.434330000120098703e-02
1.503013922029999705e+01 1.348884999970323406e-02 -3.052985001499996542e+02 3.103640000017549028e-02 -5.371100000502337934e-03 3.060810623499996836e+02 -1.135259999864501879e-02 -8.116760000002614106e-01 1.049809999949502526e-02
1.603013922029999705e+01 1.434320000043953769e-02 -3.061169891000008647e+02 3.533929999957763357e-02 -1.100149999911081977e-02 3.062079772999995839e+02 -7.019099999524769373e-03 -1.219787000009091571e-01 1.135249999970255885e-02
1.703013922029999705e+01 5.554249999477178790e-03 -3.062223510499998156e+02 -1.155364950000148383e+00 -6.462149999606481288e-03 3.073743209499998557e+02 -1.187130000016622944e-02 1.950069999929837650e-02 3.662150001218833495e-03
1.803013922029999705e+01 5.340600000636186451e-03 -3.062501526000005470e+02 -1.429687500000000000e+00 -3.052000001844135113e-04 3.076748352000004161e+02 -8.514399999512534123e-03 1.046754999879340176e-02 4.364000000350642949e-03
1.903013922029999705e+01 1.464839999971445650e-02 -3.064989776499996879e+02 -1.259689350000371633e+00 5.355899999813118484e-03 3.077406768000009833e+02 -5.676200000380049460e-03 1.733390000117651653e-02 -6.042400002115755342e-03
2.003013922029999705e+01 1.733405000049970113e-02 -3.065340119499996945e+02 -9.586791500005347189e-01 1.300810000066121574e-02 3.074728469999990921e+02 -8.514349999131809454e-03 8.361749999494350050e-03 -5.187899999327783007e-03
2.103013922029999705e+01 -6.134049999673152342e-03 -3.068410339500005648e+02 -2.548214999933406943e-02 1.007099999696947634e-03 3.068760070499984067e+02 -1.083374999871011823e-02 1.049805000002379529e-02 -4.180899999482790008e-03
2.203013922029999705e+01 -5.004900001949863508e-03 -3.071175155499995526e+02 -3.486600000542239286e-03 -6.668149999313754961e-03 3.071316375999986121e+02 -8.300800000142771751e-03 7.629400002770125866e-03 -6.104000021878164262e-04
2.303013922029999705e+01 -2.990800003317417577e-03 -3.069326934999990044e+02 -5.355799999961163849e-03 -9.963999998944927938e-03 3.069510041000012279e+02 -8.667000001878477633e-03 2.624500000820262358e-03 6.714000010106246918e-04
2.403013922029999705e+01 3.516134000001329696e-01 -3.068706512999997358e+02 -1.136780000069848029e-02 -5.462649999572022352e-03 3.068923340500004997e+02 -3.647868333337100921e-01 -1.016999995044898242e-04 3.506978333334700437e-01
2.503013922029999350e+01 5.704040666678338312e-01 -3.056337433166672781e+02 -6.202700000358163379e-03 -5.485500000759202521e-03 3.056419931833339660e+02 -5.808207833330243375e-01 3.356999999596155249e-03 5.655822833323327359e-01
2.603013922029999350e+01 -2.685600000404519960e-03 -3.051449890000012601e+02 -1.310272000000622938e-01 -1.264949999858799856e-02 3.051696471499999461e+02 -2.279655000165803358e-02 4.455500000403844751e-03 -4.486050000195973553e-03
2.703013922029999350e+01 -7.324250000237952918e-03 -3.041361999000000651e+02 -1.049667399998725159e+00 -6.561000009241979569e-04 3.050080261000020982e+02 -2.038570000149775296e-02 1.306149999800254591e-02 -3.723199999512871727e-03
2.803013922029999350e+01 5.828900000778958201e-03 -3.031770249000010153e+02 -2.091506949999711651e+00 1.170845050000025367e+00 3.040970153999996910e+02 -9.674099999756435864e-03 1.184079999984533060e-02 -5.828800000017508864e-03
2.903013922029999350e+01 5.157399999006884173e-03 -3.025986632999993162e+02 -1.692504900000130874e+00 1.530487100000755163e+00 3.027643432499990013e+02 -1.266480000049341470e-02 -1.495349999458994716e-03 2.319299999726354145e-03
3.003013922029999350e+01 7.965099999637459405e-03 -3.026439742499997010e+02 -4.836808000000019092e-01 4.588165499999377062e-01 3.026660003500001039e+02 -1.065060000109951943e-02 1.861550001194700599e-03 8.034667999982048059e-01
3.103013922029999350e+01 1.397709999946528114e-02 -3.034773101999999199e+02 -1.968390000001818407e-02 -5.004799999369424768e-03 3.034953461000004609e+02 -1.263430000108201057e-02 8.667000001878477633e-03 1.031493499995121965e-01
3.203013922029999350e+01 1.232910000180709176e-02 -3.043573150000011083e+02 -9.018000000651227310e-03 -1.332089999959862325e-02 3.043716583000004903e+02 -1.733400000011897646e-02 1.538090000030933879e-02 -9.704600000986829400e-03
3.303013922029999350e+01 8.819550001135212369e-03 -3.049221725499992317e+02 -3.170165499996073777e-01 -1.049040000089007663e-02 3.052461699999994380e+02 -1.699829999961366411e-02 1.416009999957168475e-02 -1.016229999913775828e-02
3.403013922029999350e+01 4.364000000350642949e-03 -3.040512084999991202e+02 -2.998352000004160800e-01 -8.155799999258306343e-03 3.043593215999990207e+02 -2.282714999819290824e-02 2.270504999796685297e-02 -1.651004999985161703e-02
3.503013922029999350e+01 -5.828850000398233533e-03 -3.031006698000010147e+02 8.316000012200674973e-04 -9.994500001084816176e-03 3.031108092999993460e+02 -1.431274999958986882e-02 1.550285000121220946e-02 -1.669304999995802063e-02
3.603013922029999350e+01 -7.659900002181529999e-03 -3.027991638499970577e+02 8.583373999990726588e-01 -1.768489999994926620e-02 3.019576568499996938e+02 -1.382444999944709707e-02 1.348875000076077413e-02 -7.171600000219768845e-03
3.703013922029999350e+01 -3.509550000671879388e-03 -3.024787978499989549e+02 1.099998450000384764e+00 -1.034545000129583059e-02 3.013661651249985880e+02 -3.051249968848424032e-04 1.995844999692053534e-02 -1.495349995821015909e-03
3.803013922029999350e+01 -1.330570000209263526e-02 -3.013475188999964303e+02 -3.662000000986154191e-03 -1.000980000026174821e-02 3.013536834500009718e+02 -7.324250000237952918e-03 1.547240000218153000e-02 -5.187950002436991781e-03
3.903013922029999350e+01 -1.599120000173570588e-02 -3.013130187999995542e+02 1.861724999989746721e-01 -2.014922999996997532e-01 3.011926574499993876e+02 -3.662150000309338793e-03 1.463012999993225094e-01 -1.965329999802634120e-02
4.003013922029999350e+01 -1.202390000253217295e-02 -3.011643294999976206e+02 1.423415999997814652e-01 -1.558380499991471879e-01 3.001091614500019205e+02 -1.031499999953666702e-02 1.091979999997420236e+00 -2.368160000332864001e-02
4.103013922029999350e+01 1.197357149994786596e+00 -3.024185027999974409e+02 6.507850000161852222e-03 -1.735684999948716722e-02 3.011375122000017654e+02 -1.501460000145016238e-02 1.311523399999714456e+00 -2.316285000051720999e-02
4.203013922029999350e+01 1.539703349997580517e+00 -3.018773498499995185e+02 3.357500008860370144e-04 -4.852350000874139369e-03 3.003383483999969030e+02 -1.266479999685543589e-02 1.563842749998002546e+00 -1.568599999882280827e-02
4.303013922029999350e+01 4.522094000021752436e-01 -3.014765167000005022e+02 -1.535030000013648532e-02 5.325300000549759716e-03 3.010218811000013375e+02 7.934499990369658917e-04 4.593505999982880894e-01 -1.480105000155162998e-02
4.403013922029999350e+01 6.042499997420236468e-03 -3.004650345499994728e+02 -1.300050000099872705e-02 -1.663199998802156188e-03 3.011090316499994515e+02 -8.520201999999699183e-01 9.521500000118976459e-03 -3.021300002728821710e-03
4.503013922029999350e+01 -6.378250003763241693e-03 -3.002969817499979399e+02 -7.003800001257332042e-03 -7.659899998543551192e-03 3.009451598499981628e+02 -7.208251499978359789e-01 -2.685599996766541153e-03 -6.286600000748876482e-03
4.603013922029999350e+01 -1.483154999732505530e-02 -3.000073470499992254e+02 -2.830549999998765998e-03 -6.332400000246707350e-03 3.003290099999994709e+02 -3.091735999987577088e-01 4.180949999863514677e-03 3.209838500006299000e-01
4.703013922029999350e+01 -1.214604999768198468e-02 -2.991021957000011753e+02 1.838750000388245098e-03 -8.010900000954279676e-03 2.994129943500029185e+02 -3.073120000044582412e-01 1.699830000143265352e-02 6.024780000007012859e-01
4.803013922029999350e+01 -9.307900003477698192e-03 -2.984215011499982211e+02 -9.170549999907962047e-03 9.841999999480322003e-04 2.987351685500016174e+02 -3.143311000021640211e-01 5.340550000255461782e-03 3.241577500011771917e-01
4.903013922029998639e+01 -1.031489999877521768e-02 -2.984673614000021189e+02 9.338299998489674181e-03 -4.684399998950539157e-03 2.984363403000024846e+02 -8.763428000020212494e-01 9.016724000030080788e-01 -1.098630000342382118e-02
5.003013922029998639e+01 -1.202394999927491881e-02 -2.984225005999996938e+02 -8.316000021295621991e-04 -7.514949998949305154e-03 2.984183654999978899e+02 -1.108520549994864268e+00 1.117004399995494168e+00 -2.471899999363813549e-03
5.103013922029998639e+01 -3.052000029128976166e-04 -2.972145232999992004e+02 1.716614999895682558e-02 -4.393539499997132225e-01 2.976320113999972818e+02 -1.031489999877521768e-02 -1.464850000047590584e-02 3.234869999869260937e-02
5.203013922029998639e+01 4.333499993663281202e-03 -2.973169860999987577e+02 -3.661999999167164788e-03 -1.323669499999596155e+00 2.988623352000013256e+02 -2.369995000044582412e-01 -1.232909999816911295e-02 2.490234000033524353e-01
5.303013922029998639e+01 6.011950001266086474e-03 -2.974997863666661715e+02 9.043881666488573501e-02 -1.359329249997244915e+00 2.989776917000017420e+02 -1.373016350004036212e+00 -4.516599998169112951e-03 1.365203849996760255e+00
5.403013922029998639e+01 7.995600004505831748e-03 -2.987413482000010845e+02 1.928253000005497597e-01 -1.294830300001194701e+00 2.998263244000008854e+02 -1.287658650002413196e+00 -3.173799999785842374e-03 1.283508250002341811e+00
5.503013922029998639e+01 3.051499988941941410e-04 -2.986104736499983119e+02 -7.675200002267956734e-03 -1.488265999978466425e-01 2.998776932000000670e+02 -2.073699950000445824e+00 -1.416014999995240942e-02 9.559936500008916482e-01
5.603013922029998639e+01 -5.371100000047590584e-03 -2.996888045499981672e+02 -1.100165000025299378e-02 -3.501899998809676617e-03 3.003101807000020926e+02 -1.625183100000867853e+00 -1.031499999953666702e-02 1.221466099999815924e+00
5.703013922029998639e+01 -1.831000008678529412e-04 -2.997139816499984590e+02 -8.834850001221639104e-03 -6.332400000246707350e-03 2.995537032999982330e+02 -7.517088999957195483e-01 -2.685600004042498767e-03 7.650147000022116117e-01
5.803013922029998639e+01 2.705383499996969476e-01 -2.995649871999994502e+02 -5.004899998311884701e-03 -4.333500000939238816e-03 2.995493011500002467e+02 -2.559508499980438501e-01 1.312149994191713631e-03 2.641602000039711129e-01
5.903013922029998639e+01 7.872518333351763431e-01 -2.987074890500007314e+02 1.663200000621145591e-03 2.268220000041765161e-02 2.986611404499963101e+02 -6.191405999961716589e-01 -5.523700001504039392e-03 6.388244500012660865e-01
6.003013922029998639e+01 1.192108100003679283e+00 -2.984130096000008052e+02 -6.638000013481359929e-04 -2.019831333309412003e-01 2.986023508333346399e+02 -1.251861550004832679e+00 -4.516549997788388282e-03 1.261322000002110144e+00
6.103013922029998639e+01 9.352722000039648265e-01 -2.981103058000007877e+02 -3.837550000753253698e-03 8.987450000859098509e-03 2.980948409500015259e+02 -1.866638150004291674e+00 -1.168824999695061706e-02 1.880340550000255462e+00
6.203013922029998639e+01 -1.120000000082654878e-02 -2.977831420999973489e+02 -8.010800000192830339e-03 1.498409999840077944e-02 2.977666778499988141e+02 -9.422912499976519030e-01 -6.347700000333134085e-03 9.571533499984070659e-01
6.303013922029998639e+01 1.782224999988102354e-02 -2.975943145499986713e+02 -5.004900001949863508e-03 4.653899999539135024e-03 2.975513305500026036e+02 1.269534999664756469e-02 -3.021249998710118234e-03 2.032469999903696589e-02
6.403013922029998639e+01 1.029968000038934406e-01 -2.972286682000030851e+02 6.560999991052085534e-04 -4.571761499992135214e-01 2.976358108499971422e+02 1.635740000347141176e-02 -7.766719999926863238e-02 9.268190000148024410e-02
6.503013922029998639e+01 8.278808500035665929e-01 -2.969523543499999505e+02 9.841900000537862070e-03 -1.504180900001301779e+00 2.984190139500024088e+02 4.638700000214157626e-03 -8.074646500026574358e-01 8.200073000007250812e-01
6.603013922029998639e+01 -9.764999995240941644e-04 -2.962676849999988917e+02 9.170549998088972643e-03 -1.259841949999099597e+00 2.974949798999987252e+02 1.538090000394731760e-02 4.638699996576178819e-03 -7.629399995494168252e-03
6.703013922029998639e+01 -2.838149997842265293e-03 -2.976488189000010607e+02 7.324199999857228249e-03 -1.893463500018697232e-01 2.978115234500037332e+02 1.232909999453113414e-02 -3.509549995214911178e-03 6.164599995827302337e-03
6.803013922029998639e+01 2.655000000231666490e-03 -2.971519469999984722e+02 -6.452179000007163268e-01 2.775777333336009178e-01 2.975081126166660397e+02 -1.019285000074887648e-02 -6.317199997283751145e-03 2.249149999988730997e-02
6.903013922029998639e+01 1.983649999601766467e-03 -2.975464426499978572e+02 -2.783788500006778577e-01 2.816780000102880877e-02 2.977826461000022391e+02 7.019499971647746861e-04 -7.354749999649357051e-03 -3.356999986863229424e-04
7.003013922029998639e+01 6.170044999962556176e-01 -2.985383300999965286e+02 -2.432260000205133110e-02 3.266910000093048438e-02 2.976974945000001753e+02 -1.300045000243699178e-02 -9.002649996546097100e-03 8.371581999999762047e-01
7.103013922029998639e+01 2.694702500048151705e-01 -2.984133301500005473e+02 -1.663200000257347710e-02 2.566520000254968181e-02 2.983296508999992511e+02 -1.000970000313827768e-02 -1.098639999690931290e-02 1.049316399999952409e+00
7.203013922029998639e+01 -2.819829999862122349e-02 -2.980706634500002110e+02 -7.827749999705702066e-03 -3.098373499997251201e-01 2.983926620999973238e+02 5.187999995541758835e-04 -9.033199999976204708e-03 1.876678450000326848e+00
7.303013922029998639e+01 -2.868650000164052472e-02 -2.980536804499988648e+02 3.494350001346901990e-03 -1.299484300001495285e+00 2.993476561999996193e+02 5.371100000047590584e-03 -6.713800001307390630e-03 9.683532500021101441e-01
7.403013922029998639e+01 -2.618404999520862475e-02 -2.990601654500023869e+02 1.731870000003254972e-02 -9.516524999999091960e-01 2.999944686499984527e+02 -8.148199998686322942e-03 2.502500003174645826e-03 1.266479999321745709e-02
7.503013922029998639e+01 -3.198245000385213643e-02 -2.980538520750005773e+02 2.891542499946808675e-02 -1.816939999935129890e-02 2.980457610999974349e+02 -1.373299994156695902e-03 -6.317100000160280615e-03 1.034544999856734648e-02
7.603013922029998639e+01 -2.316284999687923118e-02 -2.959608383500035416e+02 6.340050002108910121e-03 -8.455810833353609723e-01 2.967957153833291386e+02 -4.455599992070347071e-03 1.495399999839719385e-03 1.000974999624304473e-02
7.703013922029998639e+01 -1.934820000315085053e-02 -2.951571807499931310e+02 9.353649998956825584e-03 -1.425003100001049461e+00 2.965658111999982793e+02 2.990699998917989433e-03 -1.031489999149926007e-02 1.098629999614786357e-02
7.803013922029998639e+01 -2.138061500008916482e-01 -2.962720031999961066e+02 -3.341700001328717917e-03 -8.551634999985253671e-01 2.973076934499968047e+02 7.781950000207871199e-03 -2.126158999963081442e-01 2.196349500009091571e-01
7.903013922029998639e+01 -1.347808849990542512e+00 -2.958679809500044939e+02 -9.849599999142810702e-03 6.347699998514144681e-03 2.971929854999943927e+02 3.662000090116634965e-04 -1.349670400006289128e+00 1.370666499999060761e+00
8.003013922029998639e+01 -1.284271149997948669e+00 -2.959600220499996794e+02 2.427521000026899856e-01 -2.600707999990845565e-01 2.972646636999925249e+02 -1.068120000127237290e-02 -1.293151799989573192e+00 1.307189899998775218e+00
8.103013922029998639e+01 -9.923400999978184700e-01 -2.951693115500056592e+02 -7.667500000025029294e-03 -3.677399998196051456e-03 2.961721725499992317e+02 -7.659899994905572385e-03 -1.376953500075615011e-01 1.430359000005410053e-01
8.203013922029998639e+01 -1.277526850011781789e+00 -2.964561715666617374e+02 4.443460666674070580e-01 -8.667049998621223494e-03 2.972938385499946889e+02 -4.821799993806052953e-03 -1.400760000251466408e-02 1.651004999439464882e-02
8.303013922029998639e+01 -7.899781000014627352e-01 -2.971296996999953990e+02 2.349900001718197018e-03 -7.995700005267281085e-03 2.979293519999991986e+02 -1.336679999076295644e-02 -1.900024000060511753e-01 1.736444999551167712e-02
8.403013922029998639e+01 -8.178650008630938828e-03 -2.981828613999969093e+02 -2.196502499973576050e-01 2.113342499978898559e-01 2.982061614999984158e+02 -1.248170000326354057e-02 1.973267000066698529e-01 -6.714000046486034989e-04
8.503013922029998639e+01 -1.568609999958425760e-02 -2.990561446999963664e+02 -5.101546999976562802e-01 5.058059999973920640e-01 2.990718460000025516e+02 -7.629400002770125866e-03 -7.385299992165528238e-03 1.000979999662376940e-02
8.603013922029998639e+01 -4.638700003852136433e-03 -2.993426512999976694e+02 -2.878266500010795426e-01 2.839813500031596050e-01 2.993496704499993939e+02 -1.751715000136755407e-02 -1.129099997342564166e-03 1.412960000016028062e-02
8.703013922029998639e+01 -6.347700007609091699e-03 -3.006559265199932156e+02 2.371199999458895036e-03 5.921022000256925821e-02 3.005959930999961216e+02 -9.584656000006361865e-01 9.674100001575425267e-03 9.481200999944121577e-01
8.803013922029998639e+01 -6.347699993057176471e-03 -3.014858041666690269e+02 -1.109823333658255251e-02 -2.056732399964005253e-01 3.016989746399980277e+02 -1.058044499994139187e+00 7.690499987802468240e-03 1.055297800005064346e+00
8.903013922029998639e+01 -3.356950001034419984e-03 -3.027124099000029673e+02 2.339421666815155731e-02 3.868649833354140810e-01 3.022978172499988432e+02 -5.483194999978877604e-01 -3.438300002017058432e-03 6.348673333317265133e-01
9.003013922029998639e+01 -4.699699988123029470e-03 -3.038909912000090117e+02 9.002700004202779382e-03 1.200676000000385102e+00 3.026749647999968147e+02 -6.652800002484582365e-03 3.662000090116634965e-04 -7.995600011781789362e-03
9.103013922029998639e+01 -6.713999973726458848e-04 -3.043386841000028653e+02 4.676849999668775126e-03 1.643702333349210676e-01 3.045342915666624322e+02 -3.703308499971171841e-01 -5.493149998073931783e-03 8.544999946025200188e-04
9.203013922029998639e+01 -7.690399987041018903e-03 -3.034266967000075965e+02 -1.463320000038947910e-02 -6.713999973726458848e-04 3.049149628000013763e+02 -1.254974399998900481e+00 -1.296995000302558765e-02 -1.068115000089164823e-02
9.303013922029998639e+01 1.831099994888063520e-03 -3.047188339499953145e+02 -2.677899999980581924e-03 1.518249999207910150e-03 3.059796677499980433e+02 -1.039001600001938641e+00 -2.734359999885782599e-02 -5.676400003721937537e-03
9.403013922029998639e+01 3.295900009106844664e-03 -3.060166321000069729e+02 -2.029399998718872666e-03 -3.052000029128976166e-04 3.061438141000035102e+02 -1.158141999985673465e-01 -2.734380000038072467e-02 -1.708900002995505929e-03
9.503013922029998639e+01 1.190199996926821768e-03 -3.073175124499975936e+02 -2.182100000936770812e-03 8.689950002008117735e-03 3.073041381500042917e+02 3.845200000796467066e-03 -1.531980000436306000e-02 7.965099997818470001e-03
9.603013922029998639e+01 -6.652799987932667136e-03 -3.076435165500079165e+02 -1.435849999688798562e-02 1.367944999947212636e-02 3.076431580000062240e+02 -6.714000046486034989e-04 -7.324200007133185863e-03 6.714000046486034989e-04
9.703013922029998639e+01 -1.867680001305416226e-02 -3.083456572999930358e+02 -1.365660000010393560e-02 2.064509999763686210e-02 3.083493499999967753e+02 -4.699699988123029470e-03 -8.300800007418729365e-03 8.667000001878477633e-03
9.803013922029997218e+01 -6.317150000541005284e-03 -3.081013717499990889e+02 -9.163131499990413431e-01 9.278334999980870634e-01 3.081036758499976713e+02 -2.203364999149926007e-02 -1.464850007323548198e-03 7.324199999857228249e-03
9.903013922029997218e+01 -1.248165000288281590e-02 -3.077290344999928493e+02 -9.486388500008615665e-01 9.643096500003593974e-01 3.077233429499974591e+02 -1.699829999415669590e-02 -4.821800008357968181e-03 1.031495000643189996e-02
1.000301392202999722e+02 -1.159600004029925913e-03 -3.075344085999968229e+02 9.108734999972512014e-02 2.750395000111893751e-02 3.074144745000012335e+02 -8.972200004791375250e-03 -3.509449998091440648e-03 6.713500042678788304e-04
1.010301392202999722e+02 2.990699998917989433e-03 -3.067671280000031402e+02 3.391341999995347578e-01 3.662099996290635318e-03 3.064179839999997057e+02 -8.605900002294220030e-03 -2.380399993853643537e-03 4.699700002674944699e-03
1.020301392202999722e+02 1.031490000605117530e-02 -3.073214798000008159e+02 3.494299999147187918e-03 -1.366425000014714897e-02 3.073140105999955267e+02 -4.333450000558514148e-03 2.655000003869645298e-03 -3.143299996736459434e-03
1.030301392202999722e+02 1.068120000127237290e-02 -3.076570282000066072e+02 7.156349998695077375e-03 -7.156399999075802043e-03 3.076440277499968943e+02 -8.056699996814131737e-03 1.770019999821670353e-02 -1.965329999802634120e-02
1.040301392202999722e+02 -1.312250002229120582e-03 -3.084903564499982167e+02 4.333500000939238816e-03 -2.198789999965811148e-02 3.085101470500012510e+02 -9.185800001432653517e-03 6.683400002657435834e-03 -1.531985000474378467e-02
1.050301392202999722e+02 -7.995599997229874134e-03 -3.084143524999963120e+02 -5.981399997835978866e-03 -1.667790000647073612e-02 3.084406739000041853e+02 -5.981499998597428203e-03 -3.662000090116634965e-04 -5.004799997550435364e-03
1.060301392202999722e+02 9.338449999631848186e-03 -3.097191926000014064e+02 -8.148149994667619467e-03 -1.667025000278954394e-02 3.097313460999976087e+02 2.990700006193947047e-03 -1.632690000406000763e-02 1.312350002990569919e-03
1.070301392202999722e+02 5.676249988027848303e-03 -3.092865065999940271e+02 -2.334600001631770283e-03 -8.608170000006793998e-01 3.101526794500023243e+02 -7.460528333228921838e-02 5.406693333259227074e-02 1.101684999593999237e-02
1.080301392202999722e+02 -5.058085500010065516e-01 -3.090089874499972211e+02 -1.002500000322470441e-02 -7.630919999792240560e-02 3.099596709999968880e+02 -7.749328499994589947e-01 7.579040500058908947e-01 -2.319300008821301162e-03
1.090301392202999722e+02 -1.210876433343742065e+00 -3.097824935999960871e+02 -5.851749996509170160e-03 -5.149800002982374281e-03 3.110718459500021709e+02 -2.191670333340880461e-01 2.098286833279416896e-01 -3.509499998472165316e-03
1.100301392202999722e+02 -1.395629899998311885e+00 -3.108946990999975242e+02 2.685599996766541153e-03 -6.011999998008832335e-03 3.122873688000036054e+02 6.713999900966882706e-04 5.310000007739290595e-03 -5.310000007739290595e-03
1.110301392202999722e+02 -3.081358999988879077e-01 -3.109528503500005172e+02 -1.148990000001504086e-02 2.327000001969281584e-03 3.112618179499986582e+02 -1.647950004553422332e-03 9.338300005765631795e-03 -1.232909999816911295e-02
1.120301392202999722e+02 8.361800006241537631e-03 -3.108821792500020820e+02 -9.330750002845888957e-03 -4.501349998463410884e-03 3.108780059499949857e+02 6.714000046486034989e-04 7.324199992581270635e-03 -7.995599997229874134e-03
1.130301392202999722e+02 -9.338349998870398849e-03 -3.109236755000019912e+02 -6.813050000346265733e-03 -4.013049994682660326e-03 3.109214705999947910e+02 1.299438499991083518e-01 -1.182556499916245230e-01 -2.319300008821301162e-03
1.140301392202999722e+02 -9.643500001402571797e-03 -3.118680114999951911e+02 -1.397699999506585300e-02 -8.026200004678685218e-03 3.118783570000086911e+02 -1.596069500083103776e-01 1.655883500061463565e-01 1.000979999662376940e-02
1.150301392202999722e+02 -2.044699998805299401e-03 -3.124636459499997727e+02 -1.181029999861493707e-02 -3.868100000545382500e-03 3.124731903499960026e+02 -1.098634999652858824e-02 1.983699999982491136e-03 1.434314999642083421e-02
1.160301392202999722e+02 -9.399399998073931783e-03 -3.112729644499995629e+02 -1.167300000088289380e-02 3.005999999004416168e-03 3.112844695999956457e+02 -9.796199992706533521e-03 -2.014100005908403546e-03 1.098630000342382118e-02
1.170301392202999722e+02 -2.053834999969694763e-02 -3.109414596499991603e+02 -2.279999898746609688e-05 4.852249996474711224e-03 3.109348296499993012e+02 5.004949998692609370e-03 -8.361849992070347071e-03 1.034544999856734648e-02
1.180301392202999722e+02 -1.702879999356810004e-02 -3.099493103000058909e+02 -2.263564499990025070e-01 2.280349500033480581e-01 3.099530028999943170e+02 -4.028299998026341200e-03 -2.398679999168962240e-02 2.600099999108351767e-02
1.190301392202999722e+02 -6.347700007609091699e-03 -3.110703277499960677e+02 -2.133483500037982594e-01 2.263488500029779971e-01 3.110539703500035102e+02 -5.676300002960488200e-03 -2.130120000219903886e-02 2.435300000070128590e-02
1.200301392202999722e+02 -1.098629999614786357e-02 -3.102718277000058151e+02 -2.861049997591180727e-03 7.194549998530419543e-03 3.102581557999983488e+02 -3.173849996528588235e-03 -5.157449995749630034e-03 1.849369999399641529e-02
1.210301392202999722e+02 -5.462649998662527651e-03 -3.102156753999988723e+02 3.494300002785166726e-03 1.400754999849596061e-02 3.101769638000005216e+02 7.537899997259955853e-03 5.188000068301334977e-04 1.007049999316222966e-03
1.220301392202999722e+02 4.394499992486089468e-03 -3.110423583999945549e+02 1.197810000303434208e-02 1.358099994831718504e-03 3.110056456999955117e+02 3.357000008691102266e-03 -2.990799999679438770e-03 -3.662000090116634965e-04
1.230301392202999722e+02 -2.319300008821301162e-03 -3.119513091999979224e+02 2.397149999887915328e-02 4.364100001112092286e-03 3.119006346999958623e+02 -4.638599988538771868e-03 8.300699992105364799e-03 -1.281699995161034167e-03
1.240301392202999722e+02 -1.983700007258448750e-03 -3.125345000999986951e+02 2.248379999946337193e-02 -1.242344499975445160e-01 3.126215718500048979e+02 -9.338400006527081132e-03 1.068120000127237290e-02 -3.173850003804545850e-03
1.250301392202999722e+02 -4.821750007977243513e-03 -3.113054961999951047e+02 -2.828598000014608260e-01 4.150263499990103355e-01 3.111620075999986739e+02 -9.368849998281802982e-03 1.766964999842457473e-02 5.340600007912144065e-03
1.260301392202999722e+02 -4.852250000112690032e-03 -3.103251266499974008e+02 -3.160247999985585921e-01 -6.098556500037375372e-01 3.112420044000027701e+02 -3.479000006336718798e-03 3.509499998472165316e-03 3.374939000059384853e-01
1.270301392202999722e+02 -1.062010000168811530e-02 -3.104380036000075052e+02 1.464850000047590584e-02 -1.014648500000475906e+00 3.114236603000026662e+02 2.346496500031207688e-01 -8.666950001497752964e-03 3.211669999946025200e-01
1.280301392202999580e+02 -3.051999956369400024e-04 -3.113774947999991127e+02 -1.286850499964202754e-01 -8.033218000018678140e-01 3.122921372000018891e+02 1.982115999926463701e-01 -6.347599992295727134e-03 3.356999994139187038e-03
1.290301392202999580e+02 2.319300008821301162e-03 -3.114396819000030519e+02 -1.233985949998896103e+00 2.532954999696812592e-02 3.126413193000080355e+02 -2.319300008821301162e-03 3.662000090116634965e-04 -5.004900012863799930e-03
1.300301392202999580e+02 -1.235965000523719937e-02 -3.122716751000007207e+02 -1.093154949994641356e+00 2.201079999940702692e-02 3.133609772000017983e+02 -1.696780000202124938e-02 -4.516550005064345896e-03 -3.326399993966333568e-03
