# r	h_0	h_1	h_2	h_3	h_4	h_5	h_6	h_7	h_8	h_9	h_10	h_11	h_12	h_13	h_14	h_15	h_16	h_17	h_18	h_19	
2.030139220299999714e+00 5.407748108499999944e+02 5.407771606500000416e+02 5.407618407999999590e+02 5.407661438000000089e+02 5.407510070999999243e+02 5.409739990000000489e+02 5.409573363999999174e+02 5.409626465999998572e+02 5.409769897999998420e+02 5.409596557999998367e+02 5.409539796000000251e+02 5.409719850000000179e+02 5.409556886000000304e+02 5.408123474500000611e+02 5.409386597999999822e+02 5.409353028000000450e+02 5.408141785000000255e+02 5.408058166499999970e+02 5.408161621499998546e+02 5.408151550999999699e+02
3.030139220299999714e+00 5.405266418499998053e+02 5.405303039499999613e+02 5.405141601499998387e+02 5.405171508999999332e+02 5.404973449999999957e+02 5.405031738499999392e+02 5.404941406499999630e+02 5.405003357499999765e+02 5.405104980999999498e+02 5.404991760499999600e+02 5.413316650999998956e+02 5.405001525999998648e+02 5.404929809500000601e+02 5.402766723999998248e+02 5.413176270000000159e+02 5.404735107499999458e+02 5.402839965999999094e+02 5.402689818999999716e+02 5.402919922000000952e+02 5.402813109999999597e+02
4.030139220299998826e+00 5.407719726999998784e+02 5.407680054000002201e+02 5.407526855999999498e+02 5.407556762999997773e+02 5.407476807000002736e+02 5.407493286000001262e+02 5.407353516000000582e+02 5.407420044000000416e+02 5.407483520999999200e+02 5.407463379000000714e+02 5.419998474000001352e+02 5.407336425999997118e+02 5.407313232999997581e+02 5.407203368999998929e+02 5.419833068999998886e+02 5.407216796999998678e+02 5.407280274000002009e+02 5.407123413000001619e+02 5.407253418000000238e+02 5.407246703999999227e+02
5.030139220299998826e+00 5.413759766000000582e+02 5.402390136499998334e+02 5.413546753000000535e+02 5.413516540499999792e+02 5.413471679500000846e+02 5.413451537999999346e+02 5.413298339999998916e+02 5.413451843499999541e+02 5.413380126999998083e+02 5.413396301499999481e+02 5.417321776999997383e+02 5.402001648000000387e+02 5.413203429999998662e+02 5.413246764999998959e+02 5.417089843999999630e+02 5.413259888000000046e+02 5.413226623999998992e+02 5.413138427999997475e+02 5.413196716499999184e+02 5.413198242500000106e+02
6.030139220299998826e+00 5.414393310999998903e+02 5.405336913999999524e+02 5.414249877999995988e+02 5.414226685000003272e+02 5.414146728999999141e+02 5.414169922000000952e+02 5.413946532999998453e+02 5.414083252000000357e+02 5.414046630999996523e+02 5.414006347999998070e+02 5.413953246999999465e+02 5.404923705999999584e+02 5.413803100999998605e+02 5.413943481999999676e+02 5.413776855999999498e+02 5.413836670000000595e+02 5.413813476999998784e+02 5.413706664999999703e+02 5.413803100999998605e+02 5.411546630999998797e+02
7.030139220299998826e+00 5.408453064000000268e+02 5.408371581999999762e+02 5.408369751000000178e+02 5.408385009499997977e+02 5.408229980999999498e+02 5.408233338000000003e+02 5.408066711999999825e+02 5.408074951500000225e+02 5.408171692499995515e+02 5.408088073999997505e+02 5.408088379000000714e+02 5.407968445000001338e+02 5.407925110500000301e+02 5.407936707000001206e+02 5.407883300999997118e+02 5.407906494500000463e+02 5.407931519000001117e+02 5.410953369500000463e+02 5.407926635499998156e+02 5.406653442999995605e+02
8.030139220299998826e+00 5.405279846499997802e+02 5.405164795000000595e+02 5.405281677500001933e+02 5.405186767999998665e+02 5.405071716499996910e+02 5.405115051500001755e+02 5.404890137000002142e+02 5.404998169499995129e+02 5.405046692000000803e+02 5.404869690499995158e+02 5.405000000000000000e+02 5.404793396499994742e+02 5.404761657999997624e+02 5.404744873499998903e+02 5.404821472500002528e+02 5.404791565000000446e+02 5.404831543499999498e+02 5.417089844000001904e+02 5.404706421500000033e+02 5.404724731500000416e+02
9.030139220299998826e+00 5.411206664999999703e+02 5.411049805000002380e+02 5.411110230000003867e+02 5.411096802000001844e+02 5.410933227999994415e+02 5.411073607999996966e+02 5.410880127000000357e+02 5.411022948999998334e+02 5.411073607999996966e+02 5.410839844000001904e+02 5.410956421000000773e+02 5.410743407999998453e+02 5.410703125000000000e+02 5.410806885000001785e+02 5.410843506000001071e+02 5.410749512000002142e+02 5.410826415999999881e+02 5.419939880500000982e+02 5.410689696999997977e+02 5.410713501000000178e+02
1.003013922029999883e+01 5.415233154999996259e+02 5.415123290999999881e+02 5.415153197999998156e+02 5.414478455000003123e+02 5.414270019499999762e+02 5.415166626000000178e+02 5.414986572999996497e+02 5.415070190999995248e+02 5.417610168500000327e+02 5.414973145000003569e+02 5.417533265000001848e+02 5.414154662999999346e+02 5.417344971500001520e+02 5.417408446999997977e+02 5.417369994999999108e+02 5.417248230000000149e+02 5.417404785500002617e+02 5.417294922500000212e+02 5.417216492500001550e+02 5.417171631000001071e+02
1.103013922029999883e+01 5.422104797000001781e+02 5.422056580500002383e+02 5.422195129500000803e+02 5.409420165999999881e+02 5.409310303999991447e+02 5.421963195999996969e+02 5.421933289499997954e+02 5.421904908000001342e+02 5.424099731999995129e+02 5.420660807666669143e+02 5.424056397000003926e+02 5.409276733999995486e+02 5.423943481999995129e+02 5.423900147000003926e+02 5.423833617999998751e+02 5.423716431000002558e+02 5.423916626000000178e+02 5.423793335000000297e+02 5.423676758000001428e+02 5.423659668000000238e+02
1.203013922029999883e+01 5.427634887999993225e+02 5.427613220499997624e+02 5.427641601499999524e+02 5.415868225499998516e+02 5.415823669499995958e+02 5.427396545999999944e+02 5.427393493999998100e+02 5.427348022999999557e+02 5.427524719500001993e+02 5.427420349499998338e+02 5.427414856499999587e+02 5.415761719000001904e+02 5.427344970500003001e+02 5.427265015000002677e+02 5.427256775000005291e+02 5.427151795000004313e+02 5.427273254500005351e+02 5.427188415499995244e+02 5.427084961499999736e+02 5.427123108000005232e+02
1.303013922029999705e+01 5.421363220000002912e+02 5.421374816999996256e+02 5.421211548499995843e+02 5.416779785500002617e+02 5.420666911333337339e+02 5.421091613999997207e+02 5.420968322999997326e+02 5.420979919999999765e+02 5.421119994999999108e+02 5.421040344000002733e+02 5.421028442000006180e+02 5.420983276999995724e+02 5.420944824999996854e+02 5.420868530499992630e+02 5.420826721000003090e+02 5.420813599499997508e+02 5.420923462500004462e+02 5.420930176499996378e+02 5.420726317999997264e+02 5.420729980500000238e+02
1.403013922029999705e+01 5.416153565000004164e+02 5.416136475000002974e+02 5.415926514000002499e+02 5.417663269499998933e+02 5.416679382499996791e+02 5.415853272000003926e+02 5.415816651000004640e+02 5.415856934000003093e+02 5.415883178999993106e+02 5.415796508999992511e+02 5.415863647999995010e+02 5.415843506000001071e+02 5.415690307999993820e+02 5.415590209999991202e+02 5.415636596999993344e+02 5.415620116999998572e+02 5.415693360000004759e+02 5.415776977999994415e+02 5.415503540000008798e+02 5.415496825999998691e+02
1.503013922029999705e+01 5.412231750999999349e+02 5.420363159000007727e+02 5.420150145999996312e+02 5.420186768000003212e+02 5.420286864999998215e+02 5.420113524999997026e+02 5.420170288000008441e+02 5.420206909000007727e+02 5.420216674999992392e+02 5.420100098000002617e+02 5.420223389000002499e+02 5.420113524999997026e+02 5.420013428000002023e+02 5.419923096000002261e+02 5.419973145999992994e+02 5.419926758000001428e+02 5.419986571999997977e+02 5.420096436000003450e+02 5.419803467999990971e+02 5.417776794999999765e+02
1.603013922029999705e+01 5.413843383999992511e+02 5.414941406499992809e+02 5.414816283999998632e+02 5.414871521499999290e+02 5.414874878000000535e+02 5.414671936499998992e+02 5.414813537499994709e+02 5.414736633499996969e+02 5.414776611500001309e+02 5.414633483999996315e+02 5.414758301000001666e+02 5.414689941500000714e+02 5.414661865500002023e+02 5.414543151999996553e+02 5.414598389000002499e+02 5.414518432999993820e+02 5.414570312999994712e+02 5.414646606499991321e+02 5.414486694500001249e+02 5.413116454999999405e+02
1.703013922029999705e+01 5.420578003500004343e+02 5.420328369500002736e+02 5.420245056499998100e+02 5.420333252500004164e+02 5.420291442999996434e+02 5.420149841499996910e+02 5.420236816499991619e+02 5.420239868499993463e+02 5.420215149000005113e+02 5.420086975499998516e+02 5.420151978000003510e+02 5.420148315500000535e+02 5.420156555499997921e+02 5.419998474499998338e+02 5.419963378999991619e+02 5.419890136499998334e+02 5.419976501500004815e+02 5.419921569999996791e+02 5.419945068500001071e+02 5.419848327499994411e+02
1.803013922029999705e+01 5.417571716499996910e+02 5.417371520999995482e+02 5.417401734000004581e+02 5.417451477000004161e+02 5.417355041499995423e+02 5.417286681999994471e+02 5.417350158999997802e+02 5.417271729000003688e+02 5.417341614500001015e+02 5.417180176499996378e+02 5.417251892500007671e+02 5.417201538499994058e+02 5.417208252499995069e+02 5.417153320500001428e+02 5.417038269499998933e+02 5.416934814499991262e+02 5.417125244500002736e+02 5.417043456999999762e+02 5.417099915500002680e+02 5.416940003500003513e+02
1.903013922029999705e+01 5.414099731999995129e+02 5.414030151000006299e+02 5.413943481999995129e+02 5.414006957999990846e+02 5.413943482000013319e+02 5.413823241999998572e+02 5.413850098000002617e+02 5.413839721999993344e+02 5.413836670000000595e+02 5.413820190999995248e+02 5.413906860000006418e+02 5.413753661999999167e+02 5.413743286000008084e+02 5.413699950999998691e+02 5.413606567999995605e+02 5.413489989999998215e+02 5.411439818999997442e+02 5.413623657000007370e+02 5.411446838999991087e+02 5.411313172000000122e+02
2.003013922029999705e+01 5.408438416500002859e+02 5.408396607000004224e+02 5.408336792500003867e+02 5.411571655499992630e+02 5.408344726499999524e+02 5.408219909500003268e+02 5.408230285999998159e+02 5.408136596999993344e+02 5.411521911499994530e+02 5.408151551000000836e+02 5.412191365999993877e+02 5.408166809499998635e+02 5.411348267000003034e+02 5.411164856000004875e+02 5.408049927500005651e+02 5.407883301000001666e+02 5.413186645999994653e+02 5.408171387000002142e+02 5.406779784999998810e+02 5.406660155999998096e+02
2.103013922029999705e+01 5.405281677500006481e+02 5.405243530500010820e+02 5.405191955999998754e+02 5.407846680000002380e+02 5.405136719000001904e+02 5.404946594000002733e+02 5.405046691999996256e+02 5.405004882999992333e+02 5.417246703999990132e+02 5.404950256499996613e+02 5.419317627000000357e+02 5.405023498999998992e+02 5.407651672000001781e+02 5.416966552999983833e+02 5.404798279000006005e+02 5.404773254999990968e+02 5.416826781999989180e+02 5.404926757999992333e+02 5.404830017500007671e+02 5.404706421000000773e+02
2.203013922029999705e+01 5.411160277999988466e+02 5.411076659999998810e+02 5.411149901999997383e+02 5.411066895000003569e+02 5.411040038999999524e+02 5.418141072666670652e+02 5.410939940999996907e+02 5.418185425333334706e+02 5.423051453000007314e+02 5.410877074999989418e+02 5.422973327999989124e+02 5.410896605999987514e+02 5.410809937000012724e+02 5.419796753000009630e+02 5.410753173999983119e+02 5.410723266999993939e+02 5.422600097499998810e+02 5.419406585749993610e+02 5.410706787000017357e+02 5.410666504000000714e+02
2.303013922029999705e+01 5.415189820000014151e+02 5.415090331999999762e+02 5.415213623000017833e+02 5.415083617999989656e+02 5.415130004999991797e+02 5.429136354000002029e+02 5.414956664999990608e+02 5.429233397999996669e+02 5.429290161999997508e+02 5.414946899999995367e+02 5.429296265999983007e+02 5.414966430999993463e+02 5.414829711999991559e+02 5.417016602000003331e+02 5.414873656999989180e+02 5.416993408999987878e+02 5.428966676000018197e+02 5.424519044000007852e+02 5.416976623999998992e+02 5.416910095999992336e+02
2.403013922029999705e+01 5.413997803000007707e+02 5.417535095500006719e+02 5.417533264499998040e+02 5.417380066500008979e+02 5.413946940333335078e+02 5.432349853499999881e+02 5.417389832000008028e+02 5.432424926499988942e+02 5.432434997500004101e+02 5.417310180500007846e+02 5.432456359999996494e+02 5.413843384000005017e+02 5.417163391499998397e+02 5.410916443500009336e+02 5.417131958999998460e+02 5.415206909000007727e+02 5.432163085999982286e+02 5.432191772499991202e+02 5.415177001999982167e+02 5.410718383999992511e+02
2.503013922029999350e+01 5.401835022000013851e+02 5.407518921333333992e+02 5.415043334999991202e+02 5.407472330666665812e+02 5.401778259500006243e+02 5.426468200500003150e+02 5.407420857666656957e+02 5.415996093999995082e+02 5.416059326200004307e+02 5.407306721666669773e+02 5.426480102499990608e+02 5.401691589499987458e+02 5.407209065999995801e+02 5.401548462000009749e+02 5.414638367000006838e+02 5.407272338999997601e+02 5.426241760500015516e+02 5.415796020800000861e+02 5.414735107500000595e+02 5.401291809499998635e+02
2.603013922029999350e+01 5.395741577499993582e+02 5.395636596999993344e+02 5.420931701999998040e+02 5.395688476999985141e+02 5.395720215000001190e+02 5.410004638999998861e+02 5.395543213000000833e+02 5.395538330500003212e+02 5.395629883499987045e+02 5.395456543000000238e+02 5.409995361799992679e+02 5.395558166999999230e+02 5.395419922000000952e+02 5.395455322500001785e+02 5.409762695599995368e+02 5.395329894999995304e+02 5.409796020599999338e+02 5.395513305999993463e+02 5.409773315400001366e+02 5.395296631000001071e+02
2.703013922029999350e+01 5.390349730999987514e+02 5.390243530000007013e+02 5.414837035999989894e+02 5.390206909000007727e+02 5.390319823999998334e+02 5.390156250000000000e+02 5.390113525000015215e+02 5.390103148999987752e+02 5.390109862999997858e+02 5.390016479000005347e+02 5.390209961000000476e+02 5.390106812000012724e+02 5.389836426000001666e+02 5.389983522000002267e+02 5.389846801999992749e+02 5.389772950000005949e+02 5.389113464499987458e+02 5.390056762999993225e+02 5.389003296000009868e+02 5.389023438500007614e+02
2.803013922029999350e+01 5.386780091000000539e+02 5.386698304000001372e+02 5.402652435499994681e+02 5.386634826999998040e+02 5.386660156500001904e+02 5.386626282000015635e+02 5.386560059500006901e+02 5.386535034500011534e+02 5.386519776000004640e+02 5.386471863000006124e+02 5.386571655000007013e+02 5.386399842000009812e+02 5.386296691999996256e+02 5.386371764999985317e+02 5.386188354499990965e+02 5.386174926999992749e+02 5.384343262000002142e+02 5.386283264499998040e+02 5.384213257000010344e+02 5.384136352999994415e+02
2.903013922029999350e+01 5.379704894999995304e+02 5.388189697999987402e+02 5.383380126999994673e+02 5.379569701999989775e+02 5.379639892999985022e+02 5.379601745500003744e+02 5.379518432999993820e+02 5.379553223000002617e+02 5.379441528500010463e+02 5.379533386500006600e+02 5.379645080499994947e+02 5.379453125000000000e+02 5.379313354999994772e+02 5.379425049000001309e+02 5.379270019999985379e+02 5.379179992499994114e+02 5.379350280999988172e+02 5.379226989500002674e+02 5.379228210500004934e+02 5.379173278999987815e+02
3.003013922029999350e+01 5.373866577499993582e+02 5.383020019499999762e+02 5.382089844000001904e+02 5.373825073499992868e+02 5.373826599000003625e+02 5.381909789999990608e+02 5.381796875000000000e+02 5.381886597000011534e+02 5.373715209999991202e+02 5.373758240000006481e+02 5.381909789999990608e+02 5.381799926999992749e+02 5.373556518999994296e+02 5.373665161500011891e+02 5.381526488999988942e+02 5.373436584999999468e+02 5.381629638999984309e+02 5.373433532999988529e+02 5.381550293000000238e+02 5.373353271500000119e+02
3.103013922029999350e+01 5.375743408000016643e+02 5.376993408500002261e+02 5.377026672499996494e+02 5.375700073000007251e+02 5.375780029999987164e+02 5.376910095499988529e+02 5.376730346999993344e+02 5.376851807000002736e+02 5.375623168999991321e+02 5.375646363000014389e+02 5.376844787500012899e+02 5.376643371499994828e+02 5.375463257000010344e+02 5.375590210000009392e+02 5.376394959000008384e+02 5.375393067000004521e+02 5.376541442999987339e+02 5.375319823999998334e+02 5.376513367000006838e+02 5.375273438000003807e+02
3.203013922029999350e+01 5.380303344999992987e+02 5.380326538000008441e+02 5.380399780000007013e+02 5.380250243999980739e+02 5.380326538000008441e+02 5.380256957999990846e+02 5.380163573999998334e+02 5.380246581999999762e+02 5.380233154000015929e+02 5.380223388999984309e+02 5.380213622999981453e+02 5.380073241999998572e+02 5.380076293999991321e+02 5.380043335000009392e+02 5.379773559999994177e+02 5.379840087999982643e+02 5.379902953999990132e+02 5.379903564000014740e+02 5.381925964499987458e+02 5.379829711999991559e+02
3.303013922029999350e+01 5.383280029500001547e+02 5.383351440499991440e+02 5.383381652999996732e+02 5.383265075500003150e+02 5.383334656000006362e+02 5.383255310499989719e+02 5.383156738500001666e+02 5.383260192999987339e+02 5.383196716499987815e+02 5.383251648000004934e+02 5.383271789999998873e+02 5.383061523499982286e+02 5.383041687500008265e+02 5.383006591499997739e+02 5.382904968499988172e+02 5.382883301000001666e+02 5.382939758499996969e+02 5.382935180999993463e+02 5.383361206000008679e+02 5.382833252000000357e+02
3.403013922029999350e+01 5.377331848000012542e+02 5.377444763500006957e+02 5.377463379000000714e+02 5.377355041999999230e+02 5.377318115500002023e+02 5.377315369000007195e+02 5.377238464499987458e+02 5.377353210500004934e+02 5.377236633499996969e+02 5.377273254499996256e+02 5.377275391000002855e+02 5.377185059000003093e+02 5.377173156999997445e+02 5.377065124999990076e+02 5.376993407999998453e+02 5.377043457499985379e+02 5.376999817500000063e+02 5.377083435000004101e+02 5.376979981000004045e+02 5.376923218000010820e+02
3.503013922029999350e+01 5.371053162000007433e+02 5.371211548499995843e+02 5.371224670999981754e+02 5.371090088000000833e+02 5.371019897500009392e+02 5.371021728499999881e+02 5.371030273500000476e+02 5.371058350000002974e+02 5.370921630999982881e+02 5.370958557999983896e+02 5.371065063999994891e+02 5.370834961500004283e+02 5.370884704500003863e+02 5.370801696999988053e+02 5.370715026999987458e+02 5.370786744000015460e+02 5.370708313499999349e+02 5.370803527999996732e+02 5.370694885500015516e+02 5.370701904500001547e+02
3.603013922029999350e+01 5.364954834500003926e+02 5.365018311000003450e+02 5.365039978499989957e+02 5.364964904999997088e+02 5.364933167000017420e+02 5.364858398500000476e+02 5.364913329999999405e+02 5.364891662999998516e+02 5.364825134499988053e+02 5.364796753000009630e+02 5.364923400999978185e+02 5.364671631000001071e+02 5.364676818999996613e+02 5.364609985499992035e+02 5.364561462500005291e+02 5.364616394500008028e+02 5.364589844000001904e+02 5.364603271999985736e+02 5.364506836500004283e+02 5.364531860499992035e+02
3.703013922029999350e+01 5.358584900000023481e+02 5.359920043999991321e+02 5.358596802000029129e+02 5.358554992500030494e+02 5.358411559999985911e+02 5.358419800500014389e+02 5.358435058999984903e+02 5.358443604000021878e+02 5.358334961499986093e+02 5.358478393499990489e+02 5.358424988000006124e+02 5.358196716999991622e+02 5.358185119999998278e+02 5.358255004999991797e+02 5.358151551000028121e+02 5.358211670000000595e+02 5.359466553999991447e+02 5.358117980999995780e+02 5.358046875000000000e+02 5.357994995999997627e+02
3.803013922029999350e+01 5.352283020499999111e+02 5.361588440499999706e+02 5.353006592000019737e+02 5.353013305999993463e+02 5.352131652999996732e+02 5.352833251999982167e+02 5.352133178999993106e+02 5.352151489500029129e+02 5.352026672499996494e+02 5.352181701499976043e+02 5.352073669499986863e+02 5.352630004999991797e+02 5.351896667500004696e+02 5.352670287999972061e+02 5.351814880000019912e+02 5.351925048499997501e+02 5.361015014500007965e+02 5.352520141999993939e+02 5.351709899999987101e+02 5.351726684500026749e+02
3.903013922029999350e+01 5.347436524000004283e+02 5.355861511000002793e+02 5.355858154499983357e+02 5.355838317999987339e+02 5.347366333000027225e+02 5.355673217999974440e+02 5.347306518999976106e+02 5.347376709000018309e+02 5.347233276999977534e+02 5.347266845999984071e+02 5.347236938999994891e+02 5.355435180499989656e+02 5.347186890000011772e+02 5.355469970999984071e+02 5.346989746000035666e+02 5.347153321000005235e+02 5.355314941500000714e+02 5.355350036999989243e+02 5.345606690000022354e+02 5.346959838999973726e+02
4.003013922029999350e+01 5.351223144999967190e+02 5.353645019499999762e+02 5.353566284499975154e+02 5.351320189999969443e+02 5.351103516000002855e+02 5.353370056499989005e+02 5.353429870500003744e+02 5.353378296000009868e+02 5.353278198499974678e+02 5.353391723999993701e+02 5.353350219499989180e+02 5.353181762999993225e+02 5.353261414000007790e+02 5.353213500999991084e+02 5.353028259499988053e+02 5.353293152000005648e+02 5.353108520499990846e+02 5.353033141999985673e+02 5.340016478999968967e+02 5.353034972999994352e+02
4.103013922029999350e+01 5.357863464500005648e+02 5.360236816000033286e+02 5.360016478999968967e+02 5.357968139500007965e+02 5.357789917000009154e+02 5.359869995999979437e+02 5.359869995999979437e+02 5.359879761999982293e+02 5.359893187999987276e+02 5.359970094000018435e+02 5.358451843499969982e+02 5.359739990000016405e+02 5.358313293499995780e+02 5.358293152500009455e+02 5.358173218499978248e+02 5.358338624000025447e+02 5.358296814499990433e+02 5.358191528500028653e+02 5.344559937000012724e+02 5.358139953999998397e+02
4.203013922029999350e+01 5.355286560499989719e+02 5.355511780000015278e+02 5.355455016999985673e+02 5.355321655000007013e+02 5.355266723999993701e+02 5.355210266499998397e+02 5.355234985499992035e+02 5.355221863000006124e+02 5.355198364499992749e+02 5.355178223000002617e+02 5.353229980999967665e+02 5.355180054000011296e+02 5.353036499000008916e+02 5.353176880000028177e+02 5.352973023000013200e+02 5.353096923999983119e+02 5.353020019999967190e+02 5.353003539999990608e+02 5.339440002499977709e+02 5.352976685000030557e+02
4.303013922029999350e+01 5.349515380999982881e+02 5.349508362000015040e+02 5.357863158999971347e+02 5.349489745999999286e+02 5.349314880499987339e+02 5.349295043999991321e+02 5.349288330499985022e+02 5.349369812500008265e+02 5.349368285999989894e+02 5.349258117999997921e+02 5.349245300499969744e+02 5.357513428000020212e+02 5.349263305500026036e+02 5.357526855999967665e+02 5.348966674999974202e+02 5.349101562500000000e+02 5.348945007500005886e+02 5.357283325000025798e+02 5.344613342499978899e+02 5.348958435000022291e+02
4.403013922029999350e+01 5.342785033999971347e+02 5.351220093000010820e+02 5.352554931999984547e+02 5.342831726500007790e+02 5.351033325000025798e+02 5.342701721500015992e+02 5.342626647999968554e+02 5.342686767500017595e+02 5.342678222499998810e+02 5.342594909500003268e+02 5.350983275999969919e+02 5.352211609000005410e+02 5.342579956500012486e+02 5.352219848999993701e+02 5.350763549999974202e+02 5.342573242500002380e+02 5.342311706500004220e+02 5.346095581333332802e+02 5.342421570000005886e+02 5.342395020000003569e+02
4.503013922029999350e+01 5.339006958000027225e+02 5.346363220499988529e+02 5.346451721500015992e+02 5.339130250000016531e+02 5.346233215499996732e+02 5.345503539999990608e+02 5.338850097999966238e+02 5.338846436000021640e+02 5.345406493999980739e+02 5.338783570000014151e+02 5.346143188499991084e+02 5.346121826499984309e+02 5.338843383999992511e+02 5.346083374499976344e+02 5.345945129499996256e+02 5.345406493999980739e+02 5.338519898000013200e+02 5.345219727000003331e+02 5.338579711999991559e+02 5.345223389000020688e+02
4.603013922029999350e+01 5.333815002500014089e+02 5.339940185500017833e+02 5.339926758000001428e+02 5.333764953500030970e+02 5.339771729000021878e+02 5.339781799000011233e+02 5.336833496500003093e+02 5.333534851000003982e+02 5.336581726000003982e+02 5.336608276500010106e+02 5.339736938499991084e+02 5.339586487000015040e+02 5.336756897499981278e+02 5.339617004499996256e+02 5.339498596500015992e+02 5.336541442500019912e+02 5.333263550000010582e+02 5.339498291000018071e+02 5.336489868499993463e+02 5.336336669999982405e+02
4.703013922029999350e+01 5.330631714500013913e+02 5.333561707000008028e+02 5.333500061000013375e+02 5.330634765499999048e+02 5.333334961000000476e+02 5.333379821499984246e+02 5.333581543000000238e+02 5.330358276500010106e+02 5.330333556999976281e+02 5.333338317999987339e+02 5.333433532500021101e+02 5.333123168999991321e+02 5.333365173499987577e+02 5.333190002500014089e+02 5.333135070999996969e+02 5.330244751500031271e+02 5.330134887999993225e+02 5.333079833999981929e+02 5.333103332999999111e+02 5.330055237000015040e+02
4.803013922029999350e+01 5.327453308500007552e+02 5.336493531000014627e+02 5.327218627999973251e+02 5.327406616000007489e+02 5.327093200999988767e+02 5.327144775999986450e+02 5.327309875999999349e+02 5.327148438500007614e+02 5.327090149000032397e+02 5.327141724499997508e+02 5.327196656000014627e+02 5.326878357499990670e+02 5.327106933499999286e+02 5.327009887999993225e+02 5.326906738500001666e+02 5.326884766000002855e+02 5.326816711499996018e+02 5.336059571000005235e+02 5.326883239999988291e+02 5.335926514000020688e+02
4.903013922029998639e+01 5.330230102999994415e+02 5.340423584000018309e+02 5.329946899999995367e+02 5.330146483999997145e+02 5.329852906000014627e+02 5.329826660000035190e+02 5.330050048999983119e+02 5.329899902000033762e+02 5.329780274000004283e+02 5.329880371999970521e+02 5.329863282000005711e+02 5.329596557999975630e+02 5.329846802000029129e+02 5.329749756000019261e+02 5.329593506000019261e+02 5.329596557999975630e+02 5.329540406000014627e+02 5.341983337500023481e+02 5.329619751999998698e+02 5.341806641000002855e+02
5.003013922029998639e+01 5.333013610999987577e+02 5.338882242666659295e+02 5.333876952999999048e+02 5.332940063499991084e+02 5.332763366999970458e+02 5.333790282999980263e+02 5.332778320500001428e+02 5.332770081000016944e+02 5.332648315500009630e+02 5.332665100500016706e+02 5.332648315500009630e+02 5.333610229999976582e+02 5.332711791999972775e+02 5.333690186000021640e+02 5.333533325000025798e+02 5.332464905000015278e+02 5.333553467000019737e+02 5.339949952000024496e+02 5.332438354500009154e+02 5.339783326000033412e+02
5.103013922029998639e+01 5.327863769999967190e+02 5.327883300999965286e+02 5.340094910000007076e+02 5.327793578999990132e+02 5.327776490000032936e+02 5.339910278499992273e+02 5.327633056999984547e+02 5.327760009999983595e+02 5.327543335000009392e+02 5.327523194000023068e+02 5.327589721999975154e+02 5.339843140000011772e+02 5.327570190999977058e+02 5.339818115499983833e+02 5.339653015000003506e+02 5.327393188999994891e+02 5.339734802499988291e+02 5.339630127000018547e+02 5.327286376999982167e+02 5.339573058999994828e+02
5.203013922029998639e+01 5.334344635000015842e+02 5.334386597000011534e+02 5.345549926999992749e+02 5.334140015000011772e+02 5.334228210500004934e+02 5.345310058499999286e+02 5.334103393500008679e+02 5.334160156500001904e+02 5.333951721500015992e+02 5.333983154499983357e+02 5.334129944000014802e+02 5.346507721249981842e+02 5.333993225500016706e+02 5.345195007499969506e+02 5.345019836499996018e+02 5.333894958499986387e+02 5.345094909999970696e+02 5.345061645999994653e+02 5.333754883000001428e+02 5.345081481999986863e+02
5.303013922029998639e+01 5.340553588999973726e+02 5.340823364000025322e+02 5.340819702000007965e+02 5.340496826000016881e+02 5.340696411000026274e+02 5.340590210000009392e+02 5.340586547999992035e+02 5.340579834000018309e+02 5.340463257000010344e+02 5.340443115000016405e+02 5.340590210000009392e+02 5.340609741000007489e+02 5.340426635999974678e+02 5.340496826000016881e+02 5.340303344999992987e+02 5.340383300999965286e+02 5.340306397000022116e+02 5.340276489000025322e+02 5.340292969000001904e+02 5.340413208000027225e+02
5.403013922029998639e+01 5.345043335000009392e+02 5.345086670000018785e+02 5.345166625999991084e+02 5.345013428000020212e+02 5.345013428000020212e+02 5.345000000000000000e+02 5.344983521000031033e+02 5.344926758000001428e+02 5.344879760999974678e+02 5.344879760999974678e+02 5.344993286000026274e+02 5.344933471999975154e+02 5.344883422999992035e+02 5.344853516000002855e+02 5.344689941999968141e+02 5.344760132000010344e+02 5.344593506000019261e+02 5.344636841000028653e+02 5.344719849000030081e+02 5.344713744999971823e+02
5.503013922029998639e+01 5.339733276500010106e+02 5.351116638500025147e+02 5.351118470000001253e+02 5.339731750999999349e+02 5.350940246499994828e+02 5.350926818999978423e+02 5.339648437500000000e+02 5.350859985499992035e+02 5.350899963499978185e+02 5.350814819499973964e+02 5.350946655500010820e+02 5.350803223000002617e+02 5.339544983000014327e+02 5.350709839000010106e+02 5.350668335500013200e+02 5.350653381500014802e+02 5.350546570000005886e+02 5.350676574999997683e+02 5.350620117500002380e+02 5.350601807500024734e+02
5.603013922029998639e+01 5.345464782999988529e+02 5.349308166500013613e+02 5.349396973000002617e+02 5.345441589499969268e+02 5.349371642999976757e+02 5.349246520999986387e+02 5.345401611500019499e+02 5.349315185500017833e+02 5.349371643500016944e+02 5.349356689999985974e+02 5.349348449500030256e+02 5.349270019499999762e+02 5.345186767500017595e+02 5.349203186000013375e+02 5.349203185999976995e+02 5.349129943999978423e+02 5.348908386500006600e+02 5.349024963500014564e+02 5.349183044999990670e+02 5.349018249999971886e+02
5.703013922029998639e+01 5.344819946999996318e+02 5.344873047000000952e+02 5.344873656999989180e+02 5.344716797000000952e+02 5.344689941999968141e+02 5.344596557999975630e+02 5.344743041999972775e+02 5.344596557999975630e+02 5.344606933999966714e+02 5.342506713999973726e+02 5.342573242500002380e+02 5.342448425499969744e+02 5.342525024499991559e+02 5.342334900000023481e+02 5.342455139499979850e+02 5.342349853499981691e+02 5.342290038999999524e+02 5.342311707000008028e+02 5.342271728499981691e+02 5.342208251999982167e+02
5.803013922029998639e+01 5.342658386500006600e+02 5.342845153999987815e+02 5.342871704499993939e+02 5.342501525999978185e+02 5.342504883000001428e+02 5.342566528000024846e+02 5.342503051500025322e+02 5.342490234499964572e+02 5.342511596499971347e+02 5.344273681999984547e+02 5.344496460000009392e+02 5.344286499000008916e+02 5.344367065999977058e+02 5.344133300999965286e+02 5.344270019999967190e+02 5.344166869999971823e+02 5.344216919000027701e+02 5.344286499000008916e+02 5.344046631000019261e+02 5.344106444999997620e+02
5.903013922029998639e+01 5.339401550500006124e+02 5.348796387999973376e+02 5.348703613999969093e+02 5.339228210500004934e+02 5.339198303499979374e+02 5.348546753999980865e+02 5.339179992999997921e+02 5.339219970999984071e+02 5.348320313000003807e+02 5.339030151500010106e+02 5.339136657999988529e+02 5.348156738999969093e+02 5.339086914500003331e+02 5.338875121999990370e+02 5.338971558000012010e+02 5.338966675000010582e+02 5.339661458333333712e+02 5.348060303000020212e+02 5.338773498499976995e+02 5.348029785000035190e+02
6.003013922029998639e+01 5.342386475000021164e+02 5.355164794999982405e+02 5.355054931999984547e+02 5.342406616000007489e+02 5.342116699000034714e+02 5.354973449999997683e+02 5.342150268999976106e+02 5.342189941999968141e+02 5.354888305999993463e+02 5.342086791999972775e+02 5.342033080999972299e+02 5.354668273999996018e+02 5.342036742999989656e+02 5.341846923999983119e+02 5.341893311000021640e+02 5.341896972999966238e+02 5.341829834000018309e+02 5.354475098000002617e+02 5.341737061000021640e+02 5.354534912000017357e+02
6.103013922029998639e+01 5.345536804000003031e+02 5.351834716999983357e+02 5.351636657500021101e+02 5.345509948499966413e+02 5.345290222000003268e+02 5.351726989999988291e+02 5.345299988000006124e+02 5.345346680000002380e+02 5.348621520999986387e+02 5.345273437500000000e+02 5.345113220500024909e+02 5.351549988000006124e+02 5.345166626499994891e+02 5.345028076500020688e+02 5.345061645999994653e+02 5.345061645999994653e+02 5.345051574499993876e+02 5.351331482000023243e+02 5.344840088000019023e+02 5.351461486999978661e+02
6.203013922029998639e+01 5.339605102499990608e+02 5.354946288999999524e+02 5.354866944000023068e+02 5.339483337000019674e+02 5.339261780000015278e+02 5.355059814999985974e+02 5.339240112500010582e+02 5.339225159000015992e+02 5.342651672499996494e+02 5.339296570000005886e+02 5.339095153999987815e+02 5.345355224999984785e+02 5.339073180999985198e+02 5.339113464500005648e+02 5.339081726499971410e+02 5.339006957999990846e+02 5.339096679499998572e+02 5.354686280000023544e+02 5.338931580499993288e+02 5.345308227499990608e+02
6.303013922029998639e+01 5.333479919499986863e+02 5.358151550500006124e+02 5.358090209999973013e+02 5.333243103000022529e+02 5.333186645999994653e+02 5.356421814000023005e+02 5.333171691999996256e+02 5.333113098499998159e+02 5.340679931999984547e+02 5.333056945999996969e+02 5.333005066000005172e+02 5.340360107000014978e+02 5.334219970999984071e+02 5.332984924500015040e+02 5.334249877999973251e+02 5.332898559499990370e+02 5.334299927000029129e+02 5.357823181499989005e+02 5.332843322999979137e+02 5.339001464999964810e+02
6.403013922029998639e+01 5.328113404000032460e+02 5.351744995500012010e+02 5.351701660500002617e+02 5.327843017999985022e+02 5.327946777999968617e+02 5.353842010749995097e+02 5.327807007000010344e+02 5.327876586999991559e+02 5.336076660500002617e+02 5.327750243999980739e+02 5.327750243999980739e+02 5.335828247499994177e+02 5.335948181000021577e+02 5.327663573999961955e+02 5.335867004499996256e+02 5.327677001999982167e+02 5.335948486499983119e+02 5.351334839000010106e+02 5.327529906999989180e+02 5.333599853999985498e+02
6.503013922029998639e+01 5.330583495999999286e+02 5.345787964500013913e+02 5.345679932000020926e+02 5.330228271499981929e+02 5.330509948500002793e+02 5.345744933999994828e+02 5.330246887499997683e+02 5.330336915000007139e+02 5.330516967500007013e+02 5.330393371499994828e+02 5.330248413500012248e+02 5.330354919499986863e+02 5.330211792000009154e+02 5.330320130000000063e+02 5.330130004999991797e+02 5.330261535499994352e+02 5.330281677499988291e+02 5.345279846500015992e+02 5.329954834499985736e+02 5.330079956000008679e+02
6.603013922029998639e+01 5.326160279000032460e+02 5.340582885999974678e+02 5.340396728999985498e+02 5.325896607000031509e+02 5.326087036000026274e+02 5.340366820999988704e+02 5.325923461999991559e+02 5.328215027000005648e+02 5.328339844000001904e+02 5.328309936499972537e+02 5.328120116999998572e+02 5.328223266999993939e+02 5.328056641000002855e+02 5.328151550500006124e+02 5.327990112499974202e+02 5.328101501500023005e+02 5.328068237500010582e+02 5.340036621000035666e+02 5.327850036500021815e+02 5.327940368999989005e+02
6.703013922029998639e+01 5.333121643499980564e+02 5.337321777500001190e+02 5.337221680000002380e+02 5.332780151499973726e+02 5.332998351999995066e+02 5.337160034500011534e+02 5.332731628500005172e+02 5.335000000000000000e+02 5.335293578999990132e+02 5.335146485000004759e+02 5.335120240000032936e+02 5.335173339999964810e+02 5.334990235000004759e+02 5.333536682499980088e+02 5.334903564999985974e+02 5.334903564999985974e+02 5.333531799499978661e+02 5.336821899499991559e+02 5.333338317999987339e+02 5.333516845499980263e+02
6.803013922029998639e+01 5.330653382000018610e+02 5.330736694500010344e+02 5.330643310999985260e+02 5.330274963500014564e+02 5.330583496500003093e+02 5.330450135000028240e+02 5.330364990000016405e+02 5.330325012499997683e+02 5.330576476999995066e+02 5.330435180999993463e+02 5.330430298499995843e+02 5.330411376999982167e+02 5.330206909500011534e+02 5.328386841000028653e+02 5.330146789499995066e+02 5.330206603999977233e+02 5.328286742999989656e+02 5.330121765000003506e+02 5.328103027999968617e+02 5.328333740000016405e+02
6.903013922029998639e+01 5.324739990500020212e+02 5.333006592000019737e+02 5.324573364499992749e+02 5.324570007500005886e+02 5.324663391499998397e+02 5.332656859999988228e+02 5.324578246999990370e+02 5.324443359499964572e+02 5.332693482000031509e+02 5.324519958499986387e+02 5.324539795000018785e+02 5.324475098000002617e+02 5.324361877500014089e+02 5.324391479500009154e+02 5.324210205000017595e+02 5.324314880499987339e+02 5.324270324999997683e+02 5.324263305999993463e+02 5.324158325499993225e+02 5.324340210000009392e+02
7.003013922029998639e+01 5.326019898000013200e+02 5.327426452500003506e+02 5.325892945000014151e+02 5.325956421000009868e+02 5.325976563000003807e+02 5.327127990999979374e+02 5.325936280000023544e+02 5.325739746000035666e+02 5.327198486999986926e+02 5.325853272000022116e+02 5.325886841000028653e+02 5.325786742999989656e+02 5.325746460000009392e+02 5.325703125000000000e+02 5.325530396000031033e+02 5.325616454999981215e+02 5.325610352000003331e+02 5.325713500999991084e+02 5.325556641000002855e+02 5.325579834000018309e+02
7.103013922029998639e+01 5.330326538000008441e+02 5.330293578999990132e+02 5.330109863000034238e+02 5.330183105000032810e+02 5.330246582000036142e+02 5.329943237999978010e+02 5.330193481000023894e+02 5.330083617999989656e+02 5.330070189999969443e+02 5.330070189999969443e+02 5.330133056999984547e+02 5.329983521999965888e+02 5.330016478999968967e+02 5.329976807999992161e+02 5.329750366000007489e+02 5.329866944000023068e+02 5.329873657999996794e+02 5.329910278000024846e+02 5.329749756000019261e+02 5.329769898000013200e+02
7.203013922029998639e+01 5.333068237499974202e+02 5.333093262000002142e+02 5.332898254500032635e+02 5.332863464499969268e+02 5.332965088000019023e+02 5.332731628500005172e+02 5.332941894499999762e+02 5.332858276500010106e+02 5.332843323000015516e+02 5.332799988000006124e+02 5.332863464499969268e+02 5.332695007500005886e+02 5.332718200999988767e+02 5.332690124500004458e+02 5.332500000500003807e+02 5.332628478999977233e+02 5.332598266499990132e+02 5.332603454499985673e+02 5.332521667499968316e+02 5.332490234500000952e+02
7.303013922029998639e+01 5.327200012499997683e+02 5.327095031999997445e+02 5.327011719000001904e+02 5.326988220499988529e+02 5.327046813999986625e+02 5.326840210500013200e+02 5.327001648000004934e+02 5.326929931999984547e+02 5.326894836499996018e+02 5.326869812499971886e+02 5.326931762999993225e+02 5.326729736999986926e+02 5.326851501500023005e+02 5.326635742000022447e+02 5.326583557000012661e+02 5.326666870500012010e+02 5.326679992999997921e+02 5.326623535500038997e+02 5.326580200499993225e+02 5.326549988000006124e+02
7.403013922029998639e+01 5.321081543500040425e+02 5.321001587500031746e+02 5.320998229999968316e+02 5.320989990499983833e+02 5.320903320499965048e+02 5.320828247000026749e+02 5.320851746000007552e+02 5.320789794999946025e+02 5.320903320500001428e+02 5.320716552999983833e+02 5.320826721500052372e+02 5.320693054500043218e+02 5.320678100999975868e+02 5.324879964333327962e+02 5.320573425999973551e+02 5.320491638499988767e+02 5.320608215499960352e+02 5.320640259499996318e+02 5.320514832000044407e+02 5.320521851500016055e+02
7.503013922029998639e+01 5.314559937000012724e+02 5.314508361999978661e+02 5.314411620999962906e+02 5.314451904500019737e+02 5.314293212999982643e+02 5.314276428000011947e+02 5.314320068499982881e+02 5.314244994999971823e+02 5.314426574999961304e+02 5.314181823500002793e+02 5.314223328000007314e+02 5.314226684500026749e+02 5.314146729000021878e+02 5.314051514000020688e+02 5.314053344999992987e+02 5.313989867999989656e+02 5.314036865499947453e+02 5.314091797500004759e+02 5.314051819000014802e+02 5.313966674999974202e+02
7.603013922029998639e+01 5.308350219999992987e+02 5.309346313999994891e+02 5.308064880500023719e+02 5.308171692499963683e+02 5.308046875000000000e+02 5.309186402000050293e+02 5.308038330999988830e+02 5.307943420499941567e+02 5.308076477499998873e+02 5.307984924499978661e+02 5.308046570500009693e+02 5.307928161999952863e+02 5.308053283999979612e+02 5.307705079000006663e+02 5.307696838499978185e+02 5.307771606499954942e+02 5.307701721999983420e+02 5.307773132500005886e+02 5.307736816499964334e+02 5.307736512000046787e+02
7.703013922029998639e+01 5.303339844000001904e+02 5.315613098500034539e+02 5.303153076000016881e+02 5.303243407999980263e+02 5.303093262000038521e+02 5.315413208499958273e+02 5.303163452000007965e+02 5.303060302999947453e+02 5.303093262000038521e+02 5.303066405999998096e+02 5.303049926999956369e+02 5.302933349999948405e+02 5.303039550999965286e+02 5.302830200000025798e+02 5.302830200000025798e+02 5.302796630999946501e+02 5.302789917000045534e+02 5.302893066999968141e+02 5.302780151000042679e+02 5.302826537999935681e+02
7.803013922029998639e+01 5.309519958500022767e+02 5.320644836499996018e+02 5.309296570000005886e+02 5.309361572499983595e+02 5.309234923999974853e+02 5.320416259999983595e+02 5.309245300500042504e+02 5.309090271000022767e+02 5.309116821499992511e+02 5.309136657999988529e+02 5.309111327999999048e+02 5.309013367000006838e+02 5.309233398500000476e+02 5.308970031999997445e+02 5.308943175999957020e+02 5.308869933999958448e+02 5.308853454500058433e+02 5.308850097500035190e+02 5.308928222500035190e+02 5.308938293499959400e+02
7.903013922029998639e+01 5.315540160999953514e+02 5.315383300999965286e+02 5.315273438000003807e+02 5.315250244000053499e+02 5.315260010000056354e+02 5.315233155000023544e+02 5.315123291000054451e+02 5.315073242000071332e+02 5.315120239999960177e+02 5.315040282999980263e+02 5.315119628999964334e+02 5.315100097999966238e+02 5.315206908999971347e+02 5.314963378999964334e+02 5.314863280999998096e+02 5.314869995000044582e+02 5.314810181000066223e+02 5.314799804999929620e+02 5.314893188999994891e+02 5.314863280999998096e+02
8.003013922029998639e+01 5.320046997000026749e+02 5.320086670000018785e+02 5.319909668000036618e+02 5.319833374000008916e+02 5.319963379999971949e+02 5.319963379999971949e+02 5.319750365999934729e+02 5.319829712000064319e+02 5.319887085999944247e+02 5.319773560000030557e+02 5.319673462000064319e+02 5.319753418000036618e+02 5.319686890000011772e+02 5.319663085999927716e+02 5.319626466000045184e+02 5.319566650000051595e+02 5.319513549999974202e+02 5.319586792000045534e+02 5.319513549999974202e+02 5.319462892000010470e+02
8.103013922029998639e+01 5.314546813999986625e+02 5.314570007500005886e+02 5.314371642999976757e+02 5.314255066000041552e+02 5.314464721999975154e+02 5.314426574500030256e+02 5.314266663000016706e+02 5.314305115000024671e+02 5.314356689499982167e+02 5.314349975999939488e+02 5.314193420500014327e+02 5.314186401500046486e+02 5.314281616500011296e+02 5.314140014500007965e+02 5.314216614000033587e+02 5.314066772500009392e+02 5.314006653000033111e+02 5.314068298499987577e+02 5.314001769999958924e+02 5.314026489499956369e+02
8.203013922029998639e+01 5.320370178499942995e+02 5.320381469999992987e+02 5.319991759999975329e+02 5.320133667000045534e+02 5.320248413500012248e+02 5.320130005500031984e+02 5.320108032499992987e+02 5.320063171500005410e+02 5.321203613500001666e+02 5.320234985499992035e+02 5.319995117500002380e+02 5.319964905000015278e+02 5.320083617999989656e+02 5.319949951499947929e+02 5.320039977999986149e+02 5.319741821499992511e+02 5.319830017000058433e+02 5.319768371999962255e+02 5.319674987999969744e+02 5.319788513000021339e+02
8.303013922029998639e+01 5.317956848499961779e+02 5.317954711999991559e+02 5.317700195500001428e+02 5.317776794499950483e+02 5.317726745999971172e+02 5.317778319999997620e+02 5.317701720999975805e+02 5.317656860499992035e+02 5.317844849000030081e+02 5.317743226000020513e+02 5.317639770500027225e+02 5.317606812000012724e+02 5.317554931999984547e+02 5.317554931499980739e+02 5.317593079500002204e+02 5.317380066500045359e+02 5.317496643500053324e+02 5.317476501500059385e+02 5.317305297999992035e+02 5.317454834499949357e+02
8.403013922029998639e+01 5.320100097999966238e+02 5.320150145999941742e+02 5.320103149000060512e+02 5.320066528000024846e+02 5.319859620000061113e+02 5.319979858000006061e+02 5.320036621000035666e+02 5.319923095999984071e+02 5.320013427999947453e+02 5.319906615999934729e+02 5.319916992000071332e+02 5.319926757999928668e+02 5.319699707999970997e+02 5.319743042000045534e+02 5.319806519999983720e+02 5.319660033999971347e+02 5.319633179999946151e+02 5.319790039999934379e+02 5.319633179999946151e+02 5.319669799999974202e+02
8.503013922029998639e+01 5.323923340000037570e+02 5.323846436000021640e+02 5.323856812000012724e+02 5.323786621000035666e+02 5.323659668000036618e+02 5.323756714000046486e+02 5.323763427999947453e+02 5.323640137000038521e+02 5.323699951000016881e+02 5.323660278000024846e+02 5.323640137000038521e+02 5.323736572000052547e+02 5.323496703999990132e+02 5.323446655000007013e+02 5.323506469999992987e+02 5.323396607000031509e+02 5.323423462000064319e+02 5.323526610999979312e+02 5.323333129999955418e+02 5.323469848999957321e+02
8.603013922029998639e+01 5.329929809500026749e+02 5.329818421000018134e+02 5.329810180999993463e+02 5.329801331000053324e+02 5.329758300999965286e+02 5.329814758499996969e+02 5.329673462000064319e+02 5.329664916999972775e+02 5.329683227499990608e+02 5.329676818999942043e+02 5.329596557999975630e+02 5.329761657499984722e+02 5.329534607000023243e+02 5.329459838999973726e+02 5.329443359500000952e+02 5.329343261500034714e+02 5.329407959499949357e+02 5.329516296500005410e+02 5.329301758000001428e+02 5.329465026999969268e+02
8.703013922029998639e+01 5.336303100999939488e+02 5.336236573000060162e+02 5.336140137000038521e+02 5.336173095999984071e+02 5.336190186000021640e+02 5.336119995000044582e+02 5.336013794000027701e+02 5.336110230000049341e+02 5.336103516000002855e+02 5.336076659999962430e+02 5.335923462000064319e+02 5.336036376999982167e+02 5.335903320999932475e+02 5.335839844000001904e+02 5.335793456999963382e+02 5.335736694999941392e+02 5.335733031999989180e+02 5.335896607000031509e+02 5.335756835999927716e+02 5.335816651000059210e+02
8.803013922029998639e+01 5.340616454999981215e+02 5.340583496000035666e+02 5.340416870000044582e+02 5.340437012000038521e+02 5.340486450000025798e+02 5.340326537999935681e+02 5.340339966000028653e+02 5.342458191000041552e+02 5.342461853499989957e+02 5.342443237500046962e+02 5.342236632999993162e+02 5.342406616500011296e+02 5.342214661000034539e+02 5.342174987500038696e+02 5.342170105000041076e+02 5.342161560000022291e+02 5.342136841000028653e+02 5.342218322499975329e+02 5.342225037000025623e+02 5.342204894999958924e+02
8.903013922029998639e+01 5.347009887999956845e+02 5.346869812499935506e+02 5.346828613999969093e+02 5.346781922000009217e+02 5.346901551000046311e+02 5.346621704999997746e+02 5.346814880500023719e+02 5.348980103999929270e+02 5.349013672000000952e+02 5.349003296000009868e+02 5.348776856000040425e+02 5.349006347999966238e+02 5.348796388000046136e+02 5.348763427999947453e+02 5.348773193999950308e+02 5.348653563999978360e+02 5.348733521999965888e+02 5.348716431999928318e+02 5.348759766000002855e+02 5.348786622000043280e+02
9.003013922029998639e+01 5.353170166000054451e+02 5.353029784999962430e+02 5.353053589000046486e+02 5.353006592000019737e+02 5.353060302999947453e+02 5.352876587000064319e+02 5.353103027000033762e+02 5.352913207999954466e+02 5.353003540000063367e+02 5.352933349999948405e+02 5.352750244000053499e+02 5.352986450000025798e+02 5.352816772999940440e+02 5.352746581999963382e+02 5.352720337000064319e+02 5.352593384000065271e+02 5.352640380999946501e+02 5.352616577000007965e+02 5.352693482000031509e+02 5.352746581999963382e+02
9.103013922029998639e+01 5.355383605999959400e+02 5.355354919999954291e+02 5.359056701500012423e+02 5.355291443000023719e+02 5.358984985499992035e+02 5.355186767999985022e+02 5.359061890000011772e+02 5.358844910000043456e+02 5.359048156999997445e+02 5.358899841499951435e+02 5.358740234500000952e+02 5.358890381000019261e+02 5.355069885499979137e+02 5.358793335000009392e+02 5.358731689499982167e+02 5.358733520500027225e+02 5.358600158999979612e+02 5.358571777499964810e+02 5.358694763499952387e+02 5.358724670499941567e+02
9.203013922029998639e+01 5.352730102999994415e+02 5.352668456999963382e+02 5.365419922000000952e+02 5.352733154500019737e+02 5.365333251999982167e+02 5.352594909999970696e+02 5.365353393999976106e+02 5.365186767999985022e+02 5.365299683000048390e+02 5.365206908999971347e+02 5.365103150000068126e+02 5.365190429999929620e+02 5.352456664999990608e+02 5.365170287999935681e+02 5.365100097999966238e+02 5.365079955999972299e+02 5.364856567999959225e+02 5.364876708999945549e+02 5.364956665000063367e+02 5.365053100999939488e+02
9.303013922029998639e+01 5.359076537999935681e+02 5.359110108000022592e+02 5.369653320000070380e+02 5.359146730000065872e+02 5.369630127999989782e+02 5.359000244000053499e+02 5.369626466000045184e+02 5.369429932000057306e+02 5.369536744000070030e+02 5.369493407999980263e+02 5.369346923999983119e+02 5.369513549999974202e+02 5.358870239999960177e+02 5.369370117999933427e+02 5.371539917500049341e+02 5.369386597999982769e+02 5.369163207999954466e+02 5.369149780000007013e+02 5.369273072000069078e+02 5.367481689500054927e+02
9.403013922029998639e+01 5.363262939999985974e+02 5.363243407999980263e+02 5.364558105500036618e+02 5.363266601999930572e+02 5.364553528000033111e+02 5.363143311000021640e+02 5.364466857999941567e+02 5.364354858500009868e+02 5.364530029500019737e+02 5.364469909999970696e+02 5.364255065999968792e+02 5.364446716499951435e+02 5.363023071000061464e+02 5.364296570000005886e+02 5.377673340000037570e+02 5.364339905000015278e+02 5.364131775000059861e+02 5.364165038999999524e+02 5.364251709000018309e+02 5.362863158999971347e+02
9.503013922029998639e+01 5.369508056999984547e+02 5.369406433500043931e+02 5.369413452500011772e+02 5.369345092500007013e+02 5.369376831499976106e+02 5.369291687500008265e+02 5.369313354999976582e+02 5.369226684999957797e+02 5.369381713999973726e+02 5.369396667500041076e+02 5.369049987999969744e+02 5.369234924499978661e+02 5.369171447999979137e+02 5.369099731499954942e+02 5.381823120000044582e+02 5.369213257000010344e+02 5.368958130000028177e+02 5.369091797000000952e+02 5.369061584500013851e+02 5.369131469499989180e+02
9.603013922029998639e+01 5.375606689999985974e+02 5.375593262000038521e+02 5.375590209999936633e+02 5.375543213000055403e+02 5.375506592000019737e+02 5.375406494000053499e+02 5.375486450000025798e+02 5.375356445999932475e+02 5.375510253999964334e+02 5.375570068999950308e+02 5.375243531000014627e+02 5.375406494000053499e+02 5.375319824000034714e+02 5.375273438000003807e+02 5.376653442499955418e+02 5.375313110999995843e+02 5.375139770999958273e+02 5.375273438000003807e+02 5.375246581999963382e+02 5.375283202999999048e+02
9.703013922029998639e+01 5.380136719000001904e+02 5.380133057000057306e+02 5.380073242000071332e+02 5.380063476999930572e+02 5.379956666000070982e+02 5.379929810000030557e+02 5.380073241999925813e+02 5.381929931999984547e+02 5.381988220999992336e+02 5.382183227499990608e+02 5.381965026999969268e+02 5.382000122500030557e+02 5.382035218000019086e+02 5.381941528000024846e+02 5.381776429000019561e+02 5.381978149499991559e+02 5.381801758000001428e+02 5.381879883000001428e+02 5.381780090499960352e+02 5.381888428000020212e+02
9.803013922029997218e+01 5.382896728499981691e+02 5.382925109999996494e+02 5.382900085500004934e+02 5.382798156999997445e+02 5.382778320500001428e+02 5.382776794500023243e+02 5.382844848999957321e+02 5.381069946000061464e+02 5.381176757999928668e+02 5.381333618000062415e+02 5.381143188999994891e+02 5.378999938999986625e+02 5.378966674999974202e+02 5.378941650499982643e+02 5.378761291499977233e+02 5.378886413500003982e+02 5.378853149499991559e+02 5.378876648500008741e+02 5.378696594499997445e+02 5.378908386499970220e+02
9.903013922029997218e+01 5.376224976000012248e+02 5.376146851000012248e+02 5.376233520500027225e+02 5.376094970999984071e+02 5.376029968499933602e+02 5.376111755500023719e+02 5.376193542500041076e+02 5.375610148333362304e+02 5.375904846499979612e+02 5.376145324999961304e+02 5.375926819000014802e+02 5.375100097999966238e+02 5.375163574000034714e+02 5.375123291000054451e+02 5.374896850999939488e+02 5.375083618000062415e+02 5.374940186000021640e+02 5.375036621000035666e+02 5.374846801999956369e+02 5.375043334999936633e+02
1.000301392202999722e+02 5.370155029500019737e+02 5.373408508500069729e+02 5.370209961000000476e+02 5.370114747000043280e+02 5.373291625999991084e+02 5.373300171000009868e+02 5.370206604499981040e+02 5.374168497999975216e+02 5.369971924499986926e+02 5.370038452000007965e+02 5.369844970999984071e+02 5.373168335500013200e+02 5.369848328000007314e+02 5.369913329999981215e+02 5.373074951000016881e+02 5.369763489000033587e+02 5.369796753499977058e+02 5.369748229999968316e+02 5.372909851000003982e+02 5.373006897500017658e+02
1.010301392202999722e+02 5.365466919000027701e+02 5.380316771999932826e+02 5.365486450000025798e+02 5.365433349999948405e+02 5.379970094000018435e+02 5.379963379999971949e+02 5.365533448000060162e+02 5.365386353000067174e+02 5.367636719500005711e+02 5.365313720999984071e+02 5.367458191500045359e+02 5.380006714000046486e+02 5.367401733499937109e+02 5.367474976499943295e+02 5.370513305499989656e+02 5.367433471999975154e+02 5.367403260000064620e+02 5.367366333499958273e+02 5.379756469999992987e+02 5.379920044000027701e+02
1.020301392202999722e+02 5.372136841000028653e+02 5.383438415499986149e+02 5.372144775000051595e+02 5.372116699000034714e+02 5.383106689499982167e+02 5.384283448000060162e+02 5.372073364499956369e+02 5.372046508499988704e+02 5.374016723999957321e+02 5.371950073500047438e+02 5.373863526000059210e+02 5.383184814499982167e+02 5.373859862999961479e+02 5.373850097999966238e+02 5.373823242000071332e+02 5.373893433000048390e+02 5.373703612999961479e+02 5.373703612999961479e+02 5.382966918999954942e+02 5.383049926999956369e+02
1.030301392202999722e+02 5.378046875000000000e+02 5.378220215000037570e+02 5.378153076000016881e+02 5.378029784999962430e+02 5.377880249000008916e+02 5.386053467000019737e+02 5.377983398999931524e+02 5.378013306000066223e+02 5.377900391000002855e+02 5.377896729000058258e+02 5.377883300999965286e+02 5.377929688000003807e+02 5.377830200000025798e+02 5.377813720999984071e+02 5.377756957999954466e+02 5.377919922000000952e+02 5.377573242000071332e+02 5.377666625999991084e+02 5.377730103000067174e+02 5.377807006999937585e+02
1.040301392202999722e+02 5.380006713999973726e+02 5.380180054000011296e+02 5.380088195499993162e+02 5.380021667500041076e+02 5.379936828999998397e+02 5.379855041499977233e+02 5.380224304750008741e+02 5.379869995500048390e+02 5.379921875000000000e+02 5.379974975999939488e+02 5.379786682499980088e+02 5.379949951499947929e+02 5.379848328000007314e+02 5.379738464500042028e+02 5.379725037000025623e+02 5.379833374000008916e+02 5.379555054000011296e+02 5.379583435000022291e+02 5.379834899999987101e+02 5.379721679499998572e+02
1.050301392202999722e+02 5.375276489999960177e+02 5.375243531000014627e+02 5.375103150000068126e+02 5.375280152000050293e+02 5.377261658499992336e+02 5.377075196000005235e+02 5.377420044500031509e+02 5.377181702000016230e+02 5.377290040000007139e+02 5.377386475500024972e+02 5.377070008000009693e+02 5.377351379500032635e+02 5.377216797500004759e+02 5.377138366500003031e+02 5.376950074000051245e+02 5.377000122500030557e+02 5.376851501999990433e+02 5.376934815499989782e+02 5.377260132500014151e+02 5.377001343499941868e+02
1.060301392202999722e+02 5.381814881000027526e+02 5.381756592000019737e+02 5.381683350500024972e+02 5.381781616500011296e+02 5.383696900000068126e+02 5.383583374000008916e+02 5.383763427999947453e+02 5.383746948000043631e+02 5.383633422999992035e+02 5.383763427999947453e+02 5.383523560000030557e+02 5.383720093000010820e+02 5.383633422999992035e+02 5.383510131999937585e+02 5.383346558000048390e+02 5.383416748000017833e+02 5.382200012500034063e+02 5.383316651000059210e+02 5.382653503499968792e+02 5.382278136999957496e+02
1.070301392202999722e+02 5.379895019499963382e+02 5.388020019999967190e+02 5.387949828999990132e+02 5.379739990000016405e+02 5.379628601000003982e+02 5.387813110999995843e+02 5.379669799999974202e+02 5.387926636000047438e+02 5.387800293000036618e+02 5.381795960000017658e+02 5.387736816999968141e+02 5.379776610999979312e+02 5.387936402000050293e+02 5.387719726999930572e+02 5.387576294000027701e+02 5.387626952999999048e+02 5.377423705999972299e+02 5.387500000000000000e+02 5.377863158999971347e+02 5.377446900000068126e+02
1.080301392202999722e+02 5.382933349999948405e+02 5.395220031999997445e+02 5.395095215000037570e+02 5.375188904000024195e+02 5.382706908999971347e+02 5.394956664999990608e+02 5.382799683000048390e+02 5.395061646000031033e+02 5.395069885499979137e+02 5.392348429666695893e+02 5.394976806999984547e+02 5.382843627999973251e+02 5.395051880000028177e+02 5.394781799499978661e+02 5.393947601250001753e+02 5.394788208500031033e+02 5.382453612999961479e+02 5.394703063999986625e+02 5.382646485000004759e+02 5.378947347000017771e+02
1.090301392202999722e+02 5.388781738499965286e+02 5.401380004999955418e+02 5.392693481499954942e+02 5.386066131499974290e+02 5.388593445000005886e+02 5.392603454499985673e+02 5.388613280999998096e+02 5.392558288500003982e+02 5.392659912000017357e+02 5.392623291499985498e+02 5.392476806999984547e+02 5.388544922000000952e+02 5.400983276000042679e+02 5.392316589500042028e+02 5.392304992499994114e+02 5.400873412999935681e+02 5.388286437999995542e+02 5.392284851000003982e+02 5.388441772500009392e+02 5.388371582000036142e+02
1.100301392202999722e+02 5.394613647999940440e+02 5.395911560499953339e+02 5.394633178999938536e+02 5.394533691999968141e+02 5.394396972999966238e+02 5.394423218000010820e+02 5.394426879999955418e+02 5.394386596999975154e+02 5.394483642999985022e+02 5.394476318999950308e+02 5.394256592000019737e+02 5.394366454999981215e+02 5.395480041499977233e+02 5.394343262000038521e+02 5.394133300999965286e+02 5.395361633499996969e+02 5.394103393999976106e+02 5.394249877999973251e+02 5.394256592000019737e+02 5.394206543000036618e+02
1.110301392202999722e+02 5.389586792000045534e+02 5.389645080499976757e+02 5.389584961000000476e+02 5.389565124500004458e+02 5.389383240000024671e+02 5.389375000500003807e+02 5.389519958500022767e+02 5.389368591500024195e+02 5.389459839000046486e+02 5.389401550499969744e+02 5.389246826500020688e+02 5.389386596499971347e+02 5.389300232500027050e+02 5.389355164000007790e+02 5.389133300999965286e+02 5.389234923999974853e+02 5.389166869999971823e+02 5.389298401000050944e+02 5.389179992999997921e+02 5.389191589499969268e+02
1.120301392202999722e+02 5.392210082999954466e+02 5.392283325000025798e+02 5.392133178999938536e+02 5.392206421000009868e+02 5.391979981000040425e+02 5.391923218000010820e+02 5.392119750999991084e+02 5.391963500999991084e+02 5.392019653000024846e+02 5.391990357000031509e+02 5.391883545000018785e+02 5.391976928999938536e+02 5.391826781999989180e+02 5.391947021999949357e+02 5.391703490999934729e+02 5.391900024000060512e+02 5.391699828999990132e+02 5.391866454999981215e+02 5.391753540000063367e+02 5.391803589000046486e+02
1.130301392202999722e+02 5.398713378999964334e+02 5.398713379499968141e+02 5.398596802000029129e+02 5.398624877999973251e+02 5.398496704499993939e+02 5.398371582000036142e+02 5.398525086000008741e+02 5.398423461999991559e+02 5.398319702000007965e+02 5.398435058999966714e+02 5.398374938999986625e+02 5.398334961500004283e+02 5.398269958499950008e+02 5.398348389000020688e+02 5.398200073000043631e+02 5.398285217500015278e+02 5.398135070999996969e+02 5.398315124500004458e+02 5.398226623500013375e+02 5.398250122499957797e+02
1.140301392202999722e+02 5.405390015000011772e+02 5.405313110999995843e+02 5.405280152000050293e+02 5.405173340000037570e+02 5.405100097999966238e+02 5.405020141999993939e+02 5.405126952999999048e+02 5.404966431000066223e+02 5.404876708999945549e+02 5.405036621000035666e+02 5.404923705999972299e+02 5.404960327000007965e+02 5.404973144999967190e+02 5.404933471999975154e+02 5.404849854000058258e+02 5.404890137000038521e+02 5.404800415000063367e+02 5.404956665000063367e+02 5.404849854000058258e+02 5.404876708999945549e+02
1.150301392202999722e+02 5.408225097499962430e+02 5.408221741000015754e+02 5.408208313000068301e+02 5.408053284499983420e+02 5.408006592000019737e+02 5.408006592500023544e+02 5.408068237499974202e+02 5.407868346999966889e+02 5.407836609000005410e+02 5.407928162499956670e+02 5.407833557999983896e+02 5.407881774999987101e+02 5.407881470499996794e+02 5.407783509000000777e+02 5.407761536499965587e+02 5.407810059500043280e+02 5.407693481500027701e+02 5.407829895500035491e+02 5.407783204000006663e+02 5.407770080999980564e+02
1.160301392202999722e+02 5.402163086000000476e+02 5.402218322999979137e+02 5.402146912000025623e+02 5.401959838999973726e+02 5.402066650499982643e+02 5.402026672499996494e+02 5.402073059000031208e+02 5.401863403499955893e+02 5.401858214999956544e+02 5.401976623999944422e+02 5.401811828499994590e+02 5.401900024500064319e+02 5.401873168999954942e+02 5.401824951500020688e+02 5.401753234999996494e+02 5.401716613499957020e+02 5.401709899999987101e+02 5.401776733500009868e+02 5.401790161499957321e+02 5.401746520999950008e+02
1.170301392202999722e+02 5.396189880500023719e+02 5.396150208000035491e+02 5.397493285999953514e+02 5.396006774999987101e+02 5.396016540499986149e+02 5.395971374500004458e+02 5.397563476999930572e+02 5.395935058999966714e+02 5.395826415999981691e+02 5.395976562500000000e+02 5.397310181000066223e+02 5.395903320500001428e+02 5.395775146500018309e+02 5.395871581999963382e+02 5.395779724500025623e+02 5.395744934000031208e+02 5.397113036999944597e+02 5.395883484000005410e+02 5.397223511000047438e+02 5.397130126999982167e+02
1.180301392202999722e+02 5.390520019999967190e+02 5.390656737999961479e+02 5.398708191000041552e+02 5.390540160999953514e+02 5.390406494000053499e+02 5.390403441999951610e+02 5.398641662500012899e+02 5.390336914000072284e+02 5.390183105000032810e+02 5.390366821000061464e+02 5.398556823999970220e+02 5.390346679999929620e+02 5.390196532999980263e+02 5.390233154000015929e+02 5.390269775000051595e+02 5.390296630999946501e+02 5.398240051499960828e+02 5.390410155999998096e+02 5.398398437500000000e+02 5.398371887499961304e+02
1.190301392202999722e+02 5.394766845999984071e+02 5.394929810000030557e+02 5.394899903000041377e+02 5.394680175999965286e+02 5.394593505999946501e+02 5.394713135000056354e+02 5.394599610000004759e+02 5.394573364999960177e+02 5.394456786999944597e+02 5.394603271999949357e+02 5.394696656000014627e+02 5.394606934000039473e+02 5.394446410999953514e+02 5.396483460000017658e+02 5.394463500999991084e+02 5.396574707500039949e+02 5.394286499000008916e+02 5.396516418500032159e+02 5.394466552999947453e+02 5.394463500999991084e+02
1.200301392202999722e+02 5.389834900499990908e+02 5.400765076000025147e+02 5.400803833499994653e+02 5.400625305000066874e+02 5.389458312999995542e+02 5.389618225500016706e+02 5.389621887500034063e+02 5.389438171500005410e+02 5.389426880000028177e+02 5.389609985499992035e+02 5.400606689499982167e+02 5.389558410999961779e+02 5.400530090499960352e+02 5.402446288999926765e+02 5.389323425500042504e+02 5.402483520999958273e+02 5.389213562000004458e+02 5.402319946000061464e+02 5.389368286500030081e+02 5.389314880499950959e+02
1.210301392202999722e+02 5.394870300500042504e+02 5.407196656000014627e+02 5.407180175999965286e+02 5.407089844000001904e+02 5.394531860499992035e+02 5.394660339500042028e+02 5.394675293000036618e+02 5.394445190500046010e+02 5.394475098000038997e+02 5.394660034499975154e+02 5.407023315999977058e+02 5.394524841500024195e+02 5.407043456999963382e+02 5.406939698000060162e+02 5.394450073499974678e+02 5.406936645999958273e+02 5.394178467000019737e+02 5.406813355000049341e+02 5.394398193500019261e+02 5.394408264000012423e+02
1.220301392202999722e+02 5.401156615999934729e+02 5.402403258999984246e+02 5.402278137499961304e+02 5.402291564999977709e+02 5.400873412999935681e+02 5.400983276000042679e+02 5.400943604000058258e+02 5.400806885000056354e+02 5.400830077999999048e+02 5.400880126999982167e+02 5.402198486499983119e+02 5.400820313000003807e+02 5.402124938999986625e+02 5.402135009999983595e+02 5.400806885000056354e+02 5.402166748000017833e+02 5.400516357000014978e+02 5.402044982999941567e+02 5.400750122000026749e+02 5.400753173999983119e+02
1.230301392202999722e+02 5.405603638000029605e+02 5.405553589000046486e+02 5.405260010000056354e+02 5.405346679999929620e+02 5.405220337000064319e+02 5.405399781000014627e+02 5.405363769999967190e+02 5.405213623000017833e+02 5.407353516000002855e+02 5.405263062000012724e+02 5.405250244000053499e+02 5.407400208000035491e+02 5.407984211999961417e+02 5.407291869999971823e+02 5.407355347499978961e+02 5.407293396000022767e+02 5.407098083500022767e+02 5.407243347999974503e+02 5.407338257000010344e+02 5.407203369499984547e+02
1.240301392202999722e+02 5.408518371999962255e+02 5.408640136499961955e+02 5.408316651499990257e+02 5.408359985499992035e+02 5.408206787999952212e+02 5.408334961500004283e+02 5.408326721499979612e+02 5.408240051999964635e+02 5.406886596999975154e+02 5.408233337499987101e+02 5.408306885499987402e+02 5.407043456999963382e+02 5.406334533999979612e+02 5.406913452000007965e+02 5.406883545000018785e+02 5.406976928999938536e+02 5.406749877999973251e+02 5.406873169000027701e+02 5.406820068999950308e+02 5.405070394000018723e+02
1.250301392202999722e+02 5.402471619000061764e+02 5.405704956000045058e+02 5.405483398500000476e+02 5.402131652499956544e+02 5.402131653000033111e+02 5.402183227500063367e+02 5.402160034499975154e+02 5.405418396000022767e+02 5.405263367000006838e+02 5.402113342000011471e+02 5.405409851000003982e+02 5.405448302999939187e+02 5.402025146499945549e+02 5.402020263500016881e+02 5.402035217000011471e+02 5.405221863000042504e+02 5.405143432500044582e+02 5.405190124500004458e+02 5.401893310500017833e+02 5.401060181000066223e+02
1.260301392202999722e+02 5.396321716500024195e+02 5.411833496000035666e+02 5.402466735999987577e+02 5.395985107500018785e+02 5.395989990500020212e+02 5.399153442499955418e+02 5.395931397000022116e+02 5.411586913999926765e+02 5.402269897500009392e+02 5.395898438000003807e+02 5.402350158499975805e+02 5.411770019999967190e+02 5.395838318500027526e+02 5.395898437999931048e+02 5.395809936500008916e+02 5.411436767999985022e+02 5.401989745999962906e+02 5.402090148999996018e+02 5.395734863499965286e+02 5.395805054000011296e+02
1.270301392202999722e+02 5.393353272000022116e+02 5.405650268800003460e+02 5.396996459999936633e+02 5.393113098000030732e+02 5.393213196000069729e+02 5.396106872500022291e+02 5.393031616500011296e+02 5.405436767600010626e+02 5.396189880500023719e+02 5.393008422999992035e+02 5.396093140000011772e+02 5.405642090199980885e+02 5.393013305499989656e+02 5.392876586999991559e+02 5.392871704499993939e+02 5.405304687600030320e+02 5.395826416499985498e+02 5.395853272000022116e+02 5.392831726500007790e+02 5.392896728499981691e+02
1.280301392202999580e+02 5.399396973999973852e+02 5.393228150000068126e+02 5.397388305999993463e+02 5.399190063999994891e+02 5.399179688000003807e+02 5.399100342000019737e+02 5.399086913999926765e+02 5.399089966000028653e+02 5.399226686000038171e+02 5.399060060000047088e+02 5.399116822000069078e+02 5.399199829999997746e+02 5.399023438000003807e+02 5.398936767999985022e+02 5.398950195999932475e+02 5.399013672000000952e+02 5.398843384000065271e+02 5.398893434000056004e+02 5.398966675999981817e+02 5.398989868000062415e+02
1.290301392202999580e+02 5.403226928999938536e+02 5.401446533333364641e+02 5.403086547999992035e+02 5.402973022999940440e+02 5.403016358000022592e+02 5.403006592000019737e+02 5.402933349999948405e+02 5.402910155999998096e+02 5.403126830999972299e+02 5.402910155999998096e+02 5.402983398999931524e+02 5.403033447000052547e+02 5.402760010000056354e+02 5.402836303999938536e+02 5.402823485999979312e+02 5.402879639000020688e+02 5.402719726999930572e+02 5.402776488999952562e+02 5.402853393999976106e+02 5.402830200000025798e+02
1.300301392202999580e+02 5.405418396500026574e+02 5.405484924499978661e+02 5.405339965999955893e+02 5.405296631000019261e+02 5.405295104999968316e+02 5.405286865500020212e+02 5.405228272000022116e+02 5.405161743499993463e+02 5.405373535500038997e+02 5.405161743499993463e+02 5.405268249500004458e+02 5.405231933999966714e+02 5.404966431000066223e+02 5.405061646000031033e+02 5.405046691999959876e+02 5.405076599500025623e+02 5.404970093000010820e+02 5.405053406000006362e+02 5.405103454999989481e+02 5.405054931499980739e+02
