# r	h_0	h_1	h_2	h_3	h_4	h_5	h_6	h_7	h_8	h_9	h_10	h_11	h_12	h_13	h_14	h_15	h_16	h_17	h_18	h_19	
2.030139220299999714e+00 2.278612772999999834e+02 2.359851684500000033e+02 2.359923248499999886e+02 2.347123412999999630e+02 2.359768219499999873e+02 2.359799957499999721e+02 2.359791793999999641e+02 2.357680053999999643e+02 2.357523346000000117e+02 2.347109985999999822e+02 2.357296600999999896e+02 2.357429961999999932e+02 2.346956634999999949e+02 2.357293395999999746e+02 2.357376556999999764e+02 2.346900024999999630e+02 2.346803283999999792e+02 2.357056732000000068e+02 2.346623382999999592e+02 2.357086639999999989e+02
3.030139220299999714e+00 2.287295150999999578e+02 2.353759917999999516e+02 2.353806610000000319e+02 2.352480087499999968e+02 2.353663178000000471e+02 2.353733215000000314e+02 2.353796691999999666e+02 2.353763428000000033e+02 2.353600005999999496e+02 2.352364959499999770e+02 2.353410034000000337e+02 2.353503265999999599e+02 2.352223434499999826e+02 2.353410034000000053e+02 2.353516540999999336e+02 2.352179947000000197e+02 2.352085036999999943e+02 2.353193511999999998e+02 2.352050018499999737e+02 2.353220062000000325e+02
4.030139220299998826e+00 2.292650146499998982e+02 2.359244919000000209e+02 2.359140092000000095e+02 2.359230118999999490e+02 2.359133377000000564e+02 2.359068222999999875e+02 2.359126663999999209e+02 2.359079971500000283e+02 2.359046706999999969e+02 2.358935089499999549e+02 2.358753280999999902e+02 2.358963394499999993e+02 2.358831634499999836e+02 2.358838425499999971e+02 2.358981628999999884e+02 2.358759918999999741e+02 2.358681564999999978e+02 2.358696746999999618e+02 2.358585052999999334e+02 2.358641586499999789e+02
5.030139220299998826e+00 2.297143401999999242e+02 2.365551605499999823e+02 2.365355072499999096e+02 2.365474930000000313e+02 2.365373458999999912e+02 2.365326614499999778e+02 2.365333251999999220e+02 2.365278243999999859e+02 2.365336761499999056e+02 2.365155105999999705e+02 2.365031586000000061e+02 2.365183411000000433e+02 2.365045013499999413e+02 2.365111617999999680e+02 2.365165100499999653e+02 2.365023269999999229e+02 2.364899978500000088e+02 2.364926681499999859e+02 2.364843292499999734e+02 2.364841614000000050e+02
6.030139220299998826e+00 2.311628051799999923e+02 2.371363297000000330e+02 2.371101760500000637e+02 2.371236648500000683e+02 2.371196746499999790e+02 2.371133270499999526e+02 2.371221618499999977e+02 2.371113281500000767e+02 2.371095123000000058e+02 2.371023407000000134e+02 2.370873260500000015e+02 2.370866775499999903e+02 2.370846634000000677e+02 2.370916671999999608e+02 2.370943450999999413e+02 2.370918273999999428e+02 2.370741576999998870e+02 2.370696639999999888e+02 2.370698318500001278e+02 2.370658263999999917e+02
7.030139220299998826e+00 2.330388336500000150e+02 2.377363281499999630e+02 2.377083434999999554e+02 2.377173309499999050e+02 2.376990891000000374e+02 2.377056580500000109e+02 2.377139969500001371e+02 2.377083282500000223e+02 2.377056731999999784e+02 2.376995087000000240e+02 2.376746597500000462e+02 2.376868362499999421e+02 2.376858291999999437e+02 2.376776657499999601e+02 2.376911697500000855e+02 2.376849899500000447e+02 2.376708221500000491e+02 2.376640014999999266e+02 2.376655044999997699e+02 2.376613311999999496e+02
8.030139220299998826e+00 2.348736725400000012e+02 2.373833313000000089e+02 2.373706664999999703e+02 2.373836670000000595e+02 2.377755890000000818e+02 2.373619843000001310e+02 2.373713379000000714e+02 2.373676758000001428e+02 2.373546753000000535e+02 2.373606719999997949e+02 2.373353271999999379e+02 2.373456725999999435e+02 2.373513336000000891e+02 2.373356780999997682e+02 2.373529967999998007e+02 2.373486632999997710e+02 2.373319854999999734e+02 2.373226623999998992e+02 2.373266754000001129e+02 2.373319854999999734e+02
9.030139220299998826e+00 2.364261627000000772e+02 2.370325013000001491e+02 2.370268326000000343e+02 2.370275116000000253e+02 2.369878794666666693e+02 2.370168227999999999e+02 2.370183411000000433e+02 2.370161743999999544e+02 2.370034942499999033e+02 2.370063324500001727e+02 2.369924926500000311e+02 2.369990005999998175e+02 2.370021744499999841e+02 2.369858398500000476e+02 2.369983368000000610e+02 2.369901580499999909e+02 2.369816589500001101e+02 2.369741669000000002e+02 2.369743499999999585e+02 2.369849853999999141e+02
1.003013922029999883e+01 2.360959777999996732e+02 2.383243446499999436e+02 2.383215828249999504e+02 2.375426788999998280e+02 2.376353454999998576e+02 2.383213386749999927e+02 2.383273315749999028e+02 2.383199119749998545e+02 2.383049927250000337e+02 2.383029136749998997e+02 2.382985878250000269e+02 2.383031578000000081e+02 2.380355046833334711e+02 2.383024940500000639e+02 2.373064880500000982e+02 2.382845916999999645e+02 2.372881851500001176e+02 2.382746658500000194e+02 2.372818298499998946e+02 2.382787552250000545e+02
1.103013922029999883e+01 2.358003235000001041e+02 2.398061752500002513e+02 2.397976837000001069e+02 2.377037761000001410e+02 2.382775116499997239e+02 2.397990112500001487e+02 2.397991485500001545e+02 2.397993163999997250e+02 2.397893372000003183e+02 2.397778472999998485e+02 2.397746735000002900e+02 2.397820129499998529e+02 2.397736435500000880e+02 2.397903136999998424e+02 2.379856491000000460e+02 2.397655106500001239e+02 2.379680175999999392e+02 2.397608108999997967e+02 2.379671630999998797e+02 2.397490081999999347e+02
1.203013922029999883e+01 2.363993225000003804e+02 2.401091689999998380e+02 2.401200027499999123e+02 2.389380036000002292e+02 2.389325027999998383e+02 2.401166763500000343e+02 2.401128311500001473e+02 2.401186600500000168e+02 2.401001740000001519e+02 2.400939941999999974e+02 2.400835037500000908e+02 2.400996703999999227e+02 2.400811615500001608e+02 2.401029969000001074e+02 2.389229889000002913e+02 2.400806655999999748e+02 2.388991776000002574e+02 2.400731582499997785e+02 2.388975067000001218e+02 2.400690002999999706e+02
1.303013922029999705e+01 2.359809875999999349e+02 2.395984954999998990e+02 2.396139908499999365e+02 2.396018372000003183e+02 2.395928421499997967e+02 2.396006698999999571e+02 2.396003418499999498e+02 2.396080094000003555e+02 2.395958252499999617e+02 2.395924912000000404e+02 2.395755081500001324e+02 2.395844879500000388e+02 2.395691681000002973e+02 2.395845031999997445e+02 2.394459190749998925e+02 2.395663376000002245e+02 2.395606689500000357e+02 2.395610046500000863e+02 2.395493392999997013e+02 2.395573348999996597e+02
1.403013922029999705e+01 2.364674835000000712e+02 2.401510010000001785e+02 2.401599883999997473e+02 2.401466827000003832e+02 2.401529999000003954e+02 2.401483306999998604e+02 2.401360168999999587e+02 2.401530150999997204e+02 2.401413269000004220e+02 2.401339873999995689e+02 2.401236724999998842e+02 2.401316527999997561e+02 2.401206818000000567e+02 2.401323547000001781e+02 2.401289978000004339e+02 2.401163329999999405e+02 2.401166686999995363e+02 2.401216887999999017e+02 2.400903472999998485e+02 2.400993347000003268e+02
1.503013922029999705e+01 2.359286575500000254e+02 2.404963226499999109e+02 2.397173156999997445e+02 2.397176818999996613e+02 2.404958267499996509e+02 2.397033386000002793e+02 2.397046813999995720e+02 2.397086792000000059e+02 2.397029876999995395e+02 2.397086486999996850e+02 2.396849976000003153e+02 2.396899872000003597e+02 2.396830139000003328e+02 2.396986846999998306e+02 2.396900024999995367e+02 2.396873322000001281e+02 2.396823272999999972e+02 2.396780091000000539e+02 2.396650238000001991e+02 2.396670075000001816e+02
1.603013922029999705e+01 2.361530151500001011e+02 2.403273163000003478e+02 2.402079849500000819e+02 2.390886841000001368e+02 2.403259888000002320e+02 2.401935043000003134e+02 2.390271861000001081e+02 2.390825195500001428e+02 2.401898193500001071e+02 2.390826569000000745e+02 2.401664962999998352e+02 2.401721496499999375e+02 2.390611877500000446e+02 2.401876830999999584e+02 2.390664901999998619e+02 2.390539856000000327e+02 2.390451507499997206e+02 2.401513519000000088e+02 2.390461883499997384e+02 2.390491638499997862e+02
1.703013922029999705e+01 2.359156800000000658e+02 2.397294922000000952e+02 2.397303237999999510e+02 2.384550171000000773e+02 2.397258224499996686e+02 2.397244949999999335e+02 2.384379883000001428e+02 2.384563446000001932e+02 2.391309865666662517e+02 2.384359893999999258e+02 2.391138967000000264e+02 2.396931534000000283e+02 2.384283599999998842e+02 2.397145157499999186e+02 2.384326629999995930e+02 2.384209899999996196e+02 2.384093169999996462e+02 2.390888926333333586e+02 2.384083557000003566e+02 2.384166564999995899e+02
1.803013922029999705e+01 2.353063431000000492e+02 2.384298171999998885e+02 2.384373169000000416e+02 2.372608999000000551e+02 2.384228210500000387e+02 2.381364441333334980e+02 2.372396596333334458e+02 2.378006744499998604e+02 2.377893295499998203e+02 2.377846603499997400e+02 2.377796783499998128e+02 2.381119843333332540e+02 2.377701798500002042e+02 2.381212311000002444e+02 2.377781601500000761e+02 2.372203318666667258e+02 2.377608261000000311e+02 2.377599869000000581e+02 2.372095642666663480e+02 2.377566605000001800e+02
1.903013922029999705e+01 2.347156830000003538e+02 2.373891677999999956e+02 2.373906707999999526e+02 2.361299896000000444e+02 2.373830032500000016e+02 2.371583405000001221e+02 2.361200103999999556e+02 2.371786498999999822e+02 2.371580047999996168e+02 2.371576691000000210e+02 2.371416626000000178e+02 2.371423340000001190e+02 2.371333160000003772e+02 2.371699828999999227e+02 2.371496735000000626e+02 2.360839996000004248e+02 2.371363373000003776e+02 2.371346740999997564e+02 2.356419271333334109e+02 2.371326751999995395e+02
2.003013922029999705e+01 2.352411651499996879e+02 2.367543334999991202e+02 2.367653350999999020e+02 2.358378219499995794e+02 2.367596587999996700e+02 2.367373505000005025e+02 2.356577504999998780e+02 2.367503205000002708e+02 2.367416839999996228e+02 2.367389984000001277e+02 2.367263184000003093e+02 2.367263335999996343e+02 2.367116546999995990e+02 2.367473145000003569e+02 2.367263488999997207e+02 2.357965011500000401e+02 2.367136841000001368e+02 2.367089997000002768e+02 2.359273223999998663e+02 2.367110137999998187e+02
2.103013922029999705e+01 2.349673309999998310e+02 2.361551666000004843e+02 2.361669922000000952e+02 2.361639939000001505e+02 2.361579971000001024e+02 2.361428451499996299e+02 2.348219788199999982e+02 2.361503296000000773e+02 2.361500092000001132e+02 2.361416626000000178e+02 2.361448288000001412e+02 2.361349945000001753e+02 2.361179962000005617e+02 2.361418304999997417e+02 2.361273498999998992e+02 2.361206818000000567e+02 2.361140136999997594e+02 2.361145019999999022e+02 2.361174851000000672e+02 2.361126785500000551e+02
2.203013922029999705e+01 2.343051605499995276e+02 2.355650024999995367e+02 2.355609894000008353e+02 2.355633393000007345e+02 2.355569916000004014e+02 2.355473328000007314e+02 2.341283263999994233e+02 2.355543365999992602e+02 2.355616608000000269e+02 2.355456543000000238e+02 2.355603332999999111e+02 2.355410004000004847e+02 2.355243377999995573e+02 2.355420075000001816e+02 2.355313262999998187e+02 2.355296631000001071e+02 2.355216675000001487e+02 2.355243224999994709e+02 2.355073394999999437e+02 2.355139922999996998e+02
2.303013922029999705e+01 2.345806732000000920e+02 2.351940002999999706e+02 2.349493408000007548e+02 2.349448318999993717e+02 2.349478378499998144e+02 2.349331589000003078e+02 2.346478348000000551e+02 2.349411773499996343e+02 2.349541549999994459e+02 2.349333344000006036e+02 2.349390029999995022e+02 2.349231720500001757e+02 2.349093322999997326e+02 2.349370041000001947e+02 2.349203185999995185e+02 2.349183197000002110e+02 2.349128188999998201e+02 2.349068374999997104e+02 2.348930054000002201e+02 2.349073180999994293e+02
2.403013922029999705e+01 2.348840027000005648e+02 2.348965072499995586e+02 2.350766753999996581e+02 2.350696716000002198e+02 2.350803374999995867e+02 2.350656586000004609e+02 2.350700073000007251e+02 2.350633391999999731e+02 2.350803223000002617e+02 2.350550079000004189e+02 2.350550079000004189e+02 2.350496674000005441e+02 2.350363312000008591e+02 2.350666657000001578e+02 2.350549926999992749e+02 2.350423279000006005e+02 2.350449829000008322e+02 2.350373383000005560e+02 2.350279998999994859e+02 2.351791458000006969e+02
2.503013922029999350e+01 2.351173477999991519e+02 2.355541839500001515e+02 2.355485153500003435e+02 2.351095124000003125e+02 2.355526810000001205e+02 2.355459899999996196e+02 2.355550079499998901e+02 2.355425033500005156e+02 2.355449829500003034e+02 2.357594248333334690e+02 2.355148315500000535e+02 2.355090179500002705e+02 2.355193328999994264e+02 2.355356674499998917e+02 2.355296478500004014e+02 2.355228118999993967e+02 2.355171508999992511e+02 2.355105133500001102e+02 2.355091705499999080e+02 2.357153168000004371e+02
2.603013922029999350e+01 2.345566711499996018e+02 2.360798339499997383e+02 2.360718308000004981e+02 2.345480117500001143e+02 2.360773315500000535e+02 2.360748520000006465e+02 2.360761566500004847e+02 2.360691528999996081e+02 2.360775146500000119e+02 2.360750045499999032e+02 2.360429764000000432e+02 2.360333328499991694e+02 2.360449829500003034e+02 2.360498200500005623e+02 2.360545120500000849e+02 2.360426864999999452e+02 2.360458527500004493e+02 2.360459900500000003e+02 2.360258178999993106e+02 2.360401840499998798e+02
2.703013922029999350e+01 2.350813292999991972e+02 2.363361664000003657e+02 2.363359909000000698e+02 2.351601867999997921e+02 2.363354949999993551e+02 2.363313446000001932e+02 2.363454971499995736e+02 2.363339996499998961e+02 2.363255081500001324e+02 2.363208313000004637e+02 2.363031616500002201e+02 2.362966613999997207e+02 2.363048248499999318e+02 2.363056640499999048e+02 2.363033371000001353e+02 2.363185119999998278e+02 2.363061752499997965e+02 2.363036575500000254e+02 2.362833252500004164e+02 2.362976760999999897e+02
2.803013922029999350e+01 2.354791565000004994e+02 2.357026519999999437e+02 2.356906586000004609e+02 2.357056732000000920e+02 2.357023162999994383e+02 2.356956635000005917e+02 2.357020111000001634e+02 2.356916808999994828e+02 2.356836700999992900e+02 2.356826629999995930e+02 2.356699981999990996e+02 2.356636505000005855e+02 2.356670075000001816e+02 2.356750030999992305e+02 2.356740112999996200e+02 2.356790008999996644e+02 2.356556701999998040e+02 2.356699829000008322e+02 2.356536713000004966e+02 2.356583405000001221e+02
2.903013922029999350e+01 2.353433380000005855e+02 2.353410034000007727e+02 2.353236694000006537e+02 2.353399964000000182e+02 2.353356628999990789e+02 2.356707535000005009e+02 2.355652618666669298e+02 2.359510040499999377e+02 2.353126678999997239e+02 2.359548390666671764e+02 2.353110046999991027e+02 2.353033295000004728e+02 2.353056641000002855e+02 2.353086700999992900e+02 2.353163299999996525e+02 2.353113403000006656e+02 2.352906646999999793e+02 2.353099975999994058e+02 2.359108810500001709e+02 2.357330067999997993e+02
3.003013922029999350e+01 2.347338333499992586e+02 2.347366714500003582e+02 2.347253418499994950e+02 2.347258376999998291e+02 2.347233428999998068e+02 2.349767456749996200e+02 2.347164994000004299e+02 2.349672279999999773e+02 2.346959915500001443e+02 2.346906738500001666e+02 2.346983413999996628e+02 2.346910018999997192e+02 2.346938324500006274e+02 2.346903381499996613e+02 2.347001571999999214e+02 2.346899948999998742e+02 2.346878204500007996e+02 2.346951675999998770e+02 2.349315948749999734e+02 2.346843338999997286e+02
3.103013922029999350e+01 2.341006775000005291e+02 2.341090088000000833e+02 2.341056671000005736e+02 2.340953368999998929e+02 2.340933380000005855e+02 2.340833282999992662e+02 2.340839995999995153e+02 2.340859832999994978e+02 2.340596619000007195e+02 2.340576782000007370e+02 2.340696716000002198e+02 2.340550079000004189e+02 2.340623321999992186e+02 2.340603332999999111e+02 2.340686492999993789e+02 2.340486603000008472e+02 2.340533295000004728e+02 2.340603332999999111e+02 2.340459900000005291e+02 2.340513305999993463e+02
3.203013922029999350e+01 2.336786651999991591e+02 2.336746674000005441e+02 2.336776733999995486e+02 2.336686707000008028e+02 2.336660004000004847e+02 2.336576690999991115e+02 2.336673279000006005e+02 2.332667770500002007e+02 2.336456603999995423e+02 2.336513367000006838e+02 2.336520080999998754e+02 2.336296691999996256e+02 2.334565048499998738e+02 2.336426697000006243e+02 2.334560013000000254e+02 2.334404983499998707e+02 2.334341659499996240e+02 2.334514999499997430e+02 2.334436722000000373e+02 2.334313354500000059e+02
3.303013922029999350e+01 2.330971603499992852e+02 2.334124984999998560e+02 2.334164963000002899e+02 2.334066695999999865e+02 2.334026641999998901e+02 2.333926620499996716e+02 2.334058380500000567e+02 2.333913268999995125e+02 2.333886642500001471e+02 2.333926696999997148e+02 2.333875046000002840e+02 2.333751602000002094e+02 2.334949950999998691e+02 2.333843384000001606e+02 2.334953308000003744e+02 2.334843292000005022e+02 2.334850005999996938e+02 2.334969939999991766e+02 2.334759978999991290e+02 2.334756622999993851e+02
3.403013922029999350e+01 2.333888321499998710e+02 2.340154953000001115e+02 2.340213317500001722e+02 2.336976700499999424e+02 2.340071563999999853e+02 2.339984970000004978e+02 2.336793289500001265e+02 2.339893265499995323e+02 2.339916610499994931e+02 2.336744919500006290e+02 2.336698304000001372e+02 2.339813309000001027e+02 2.336614914500005398e+02 2.339820098999998663e+02 2.339754944000005707e+02 2.336563340000002427e+02 2.339700013000001491e+02 2.339823303500006659e+02 2.336476670000001832e+02 2.339660110999993776e+02
3.503013922029999350e+01 2.340068283499995232e+02 2.346404953000001115e+02 2.343286666999993031e+02 2.340178299500003050e+02 2.346406631500003641e+02 2.346244964500001515e+02 2.339905013999996299e+02 2.346188278500003435e+02 2.346116638000003150e+02 2.339943314000001919e+02 2.339786605999997846e+02 2.342931595000000016e+02 2.339768295499998203e+02 2.346015014499998870e+02 2.342896576000002824e+02 2.339703446000003169e+02 2.345931701500003328e+02 2.345909958500005814e+02 2.339723434500001531e+02 2.342770157000004474e+02
3.603013922029999350e+01 2.345326690999991115e+02 2.351486664000003657e+02 2.345270080999998754e+02 2.345423432000006869e+02 2.351549988000006124e+02 2.351336670000000595e+02 2.345260010000001785e+02 2.351329955999990489e+02 2.351199950999998691e+02 2.345223389000002499e+02 2.345143432999993820e+02 2.345003357000005053e+02 2.345130004999991797e+02 2.351130066000005172e+02 2.344963379000000714e+02 2.344936524000004283e+02 2.348680038499996954e+02 2.348638305499998751e+02 2.345023345999998128e+02 2.345651626999997461e+02
3.703013922029999350e+01 2.348605041999999230e+02 2.348708343500002229e+02 2.348614959999995335e+02 2.348678283999997802e+02 2.348813400500002899e+02 2.348568267999999080e+02 2.348536682499998278e+02 2.348591537500005870e+02 2.348428268500001650e+02 2.348568344499999512e+02 2.348479996000005485e+02 2.348395004499998322e+02 2.348453292999993209e+02 2.348391724000002796e+02 2.348328475999996954e+02 2.348268280000002051e+02 2.350049896000000444e+02 2.350056762999993225e+02 2.344291686999995363e+02 2.350019988999993075e+02
3.803013922029999350e+01 2.351298218000001725e+02 2.351226883500003169e+02 2.351288223500005188e+02 2.351364899000000150e+02 2.351288529000003109e+02 2.351091537500005870e+02 2.351286545499997374e+02 2.351116562499992142e+02 2.350994949500000075e+02 2.351191558999998961e+02 2.351144866999993610e+02 2.355451584000002185e+02 2.351071548999998413e+02 2.350946579000001293e+02 2.350911865500002023e+02 2.350861511000002793e+02 2.350806579999998576e+02 2.350800247000006493e+02 2.338150024999995367e+02 2.350758285499996418e+02
3.903013922029999350e+01 2.344739838000004966e+02 2.345958557499998278e+02 2.346039887000006274e+02 2.344813233000004402e+02 2.344730225000002974e+02 2.345908279499999480e+02 2.344733277000013913e+02 2.345799942000003284e+02 2.345783386499997505e+02 2.344626618000002054e+02 2.344626618000002054e+02 2.356871490499997890e+02 2.344586639999997715e+02 2.345574798500001634e+02 2.344450226000008115e+02 2.344313201999993908e+02 2.345478286999996271e+02 2.345610199000002467e+02 2.335668259000003673e+02 2.344189910999994026e+02
4.003013922029999350e+01 2.340860138000007282e+02 2.351276703000003181e+02 2.351316681000007520e+02 2.342966766500003359e+02 2.342890090999999302e+02 2.351283264000012423e+02 2.342850113000004058e+02 2.351176605000000563e+02 2.351206665000008798e+02 2.342881775000005291e+02 2.342805099500001234e+02 2.351056671000005736e+02 2.342775116000002527e+02 2.350953368999998929e+02 2.342613449000000401e+02 2.337973251499997787e+02 2.350679932000002736e+02 2.350989989999998215e+02 2.337951431000001321e+02 2.342303237999994963e+02
4.103013922029999350e+01 2.333743438999990758e+02 2.346469878999996581e+02 2.346476746000007552e+02 2.346333312999995542e+02 2.346386719000001904e+02 2.346510009999983595e+02 2.346246796000014001e+02 2.346320037999994383e+02 2.346363373000003776e+02 2.346356658999993670e+02 2.346233367999993789e+02 2.346226654000001872e+02 2.346196746999994502e+02 2.346043396000004577e+02 2.346023406999993313e+02 2.332588348500003121e+02 2.345753327000002173e+02 2.346136626999996224e+02 2.332496642999994947e+02 2.345803223000002617e+02
4.203013922029999350e+01 2.336553421500011609e+02 2.352218322499993519e+02 2.352198257500003820e+02 2.351921691999996256e+02 2.352034988499999599e+02 2.352183380000005855e+02 2.351835021999995661e+02 2.352024993999993967e+02 2.352001647999995839e+02 2.351996612499997354e+02 2.351871643000004042e+02 2.351948394999999437e+02 2.340361709499993594e+02 2.351763382000008278e+02 2.351705017000003863e+02 2.338209991999992781e+02 2.351448364999996556e+02 2.351773300499999095e+02 2.338170013999988441e+02 2.351460036999997101e+02
4.303013922029999350e+01 2.334746703999990132e+02 2.358865052000001015e+02 2.358871689000006882e+02 2.347095032500001253e+02 2.347188339999993332e+02 2.358754960000005667e+02 2.347043305000006512e+02 2.358828354000015679e+02 2.358775025500008269e+02 2.358788376000011340e+02 2.358618317500004196e+02 2.358616714999998294e+02 2.334493255999987014e+02 2.358590011500000401e+02 2.358585052500002348e+02 2.334416657000001578e+02 2.346568299000000479e+02 2.358473358499995811e+02 2.342483368499997596e+02 2.346741790999985824e+02
4.403013922029999350e+01 2.340051651499998115e+02 2.370826568999994777e+02 2.370871277333341425e+02 2.341203156000010495e+02 2.349775085499986744e+02 2.370869954333320493e+02 2.341246490999983507e+02 2.370736643333329994e+02 2.364843368500005454e+02 2.370548858666673766e+02 2.370617726666665988e+02 2.370603281666662951e+02 2.339818191499998647e+02 2.364650039999996807e+02 2.370495656333326622e+02 2.339729843499990238e+02 2.340696564000008948e+02 2.370534312333341802e+02 2.341116790999985824e+02 2.340923461999991559e+02
4.503013922029999350e+01 2.336706696000001102e+02 2.371823273000009067e+02 2.377856902999992599e+02 2.346089935499985586e+02 2.353330077999999048e+02 2.389104271250007514e+02 2.346021576000002824e+02 2.371656647000017983e+02 2.370569992000000639e+02 2.371543273999996018e+02 2.377750091999987490e+02 2.377543335000009392e+02 2.345899887499999750e+02 2.370543365499997890e+02 2.379660110500008159e+02 2.345704880000012054e+02 2.345674972500000877e+02 2.378454475750004349e+02 2.345828400000009424e+02 2.345655136500008666e+02
4.603013922029999350e+01 2.333481673999995110e+02 2.377108307500002411e+02 2.383398437500000000e+02 2.352123336999993626e+02 2.358515014500007965e+02 2.402028427000004740e+02 2.352119980000006763e+02 2.376916504000000714e+02 2.376809845000007044e+02 2.376984863500001666e+02 2.380034942999991472e+02 2.392473296999996819e+02 2.352149963499996375e+02 2.376760177500000282e+02 2.384430084000014176e+02 2.351955032000005303e+02 2.351801681499982806e+02 2.384400176999988616e+02 2.351996688500003074e+02 2.351735000999997283e+02
4.703013922029999350e+01 2.336533355999999912e+02 2.373900146999985736e+02 2.386563492500008579e+02 2.358565063999994891e+02 2.361796723000006750e+02 2.407881699000008666e+02 2.358568344499999512e+02 2.373696593999993638e+02 2.373603211000008741e+02 2.373896636999998009e+02 2.373693390000007639e+02 2.398590087999982643e+02 2.358513336500000150e+02 2.373633269999991171e+02 2.386330185000006168e+02 2.358476715500000864e+02 2.358181686499992793e+02 2.386171646500006318e+02 2.358351670000010927e+02 2.358131714499995724e+02
4.803013922029999350e+01 2.339958267000001797e+02 2.370940093999997771e+02 2.380296783000012510e+02 2.364638366999988648e+02 2.364640044999996462e+02 2.404553374999995867e+02 2.364663391499998397e+02 2.370701599999993050e+02 2.370709915999996156e+02 2.367553253999994922e+02 2.367348480500004371e+02 2.391976776499996049e+02 2.364438400499984709e+02 2.367206573499988735e+02 2.389038467999998829e+02 2.364386749000004784e+02 2.364243317000000388e+02 2.388841553000002023e+02 2.364293366000001697e+02 2.364183426500003407e+02
4.903013922029998639e+01 2.345686645999994653e+02 2.376196593999993638e+02 2.376133422999992035e+02 2.369956665999998222e+02 2.370023346000016318e+02 2.400570068000015453e+02 2.370073394999999437e+02 2.375900116000011622e+02 2.375986785999994026e+02 2.369756621999986237e+02 2.369596710000005260e+02 2.385926819000014802e+02 2.369770050000006449e+02 2.370793000000000177e+02 2.385930023000000801e+02 2.369786682000012661e+02 2.369573363999988942e+02 2.385909882000014477e+02 2.369696656000014627e+02 2.369596710000005260e+02
5.003013922029998639e+01 2.348766708500006644e+02 2.374013214500009781e+02 2.373938445999992837e+02 2.373641509999997652e+02 2.373776626999988366e+02 2.394616699499983952e+02 2.373706512500011740e+02 2.373670044499995129e+02 2.373800201499998366e+02 2.373664855999995780e+02 2.373478317500012054e+02 2.381703339000014239e+02 2.373424835000005260e+02 2.373519897499991202e+02 2.381693420000010519e+02 2.373366546500001277e+02 2.373256607000002987e+02 2.381739960000013525e+02 2.373356628500005172e+02 2.373313293499995780e+02
5.103013922029998639e+01 2.355696716500006005e+02 2.376624909000001935e+02 2.376221771500004252e+02 2.376499939000004815e+02 2.376625060999995185e+02 2.388660125999995216e+02 2.376489944500008278e+02 2.376279983999993419e+02 2.376140137000002142e+02 2.376174850499992317e+02 2.376141738999995141e+02 2.375458221500011859e+02 2.376231613500003732e+02 2.376198272999990877e+02 2.375518417499988573e+02 2.376309891500004596e+02 2.376084900000005291e+02 2.375470046999998885e+02 2.376166687499990076e+02 2.376181717500003288e+02
5.203013922029998639e+01 2.360856628999990789e+02 2.371134948500002793e+02 2.370806656000004295e+02 2.369673309999998310e+02 2.369606628000001365e+02 2.382058258500001102e+02 2.369430084000014176e+02 2.370771637500001816e+02 2.370788345000000845e+02 2.370616608000000269e+02 2.369373321999992186e+02 2.370353317999997671e+02 2.369366760000011709e+02 2.369276734000013676e+02 2.370345002000012755e+02 2.369196626000011747e+02 2.369100037999996857e+02 2.370135117000008904e+02 2.369130096000008052e+02 2.369306642000010470e+02
5.303013922029998639e+01 2.363821563999990758e+02 2.376490020999990520e+02 2.376099853999985498e+02 2.363530120999985229e+02 2.363396606499991321e+02 2.375736542000013287e+02 2.363223419499990996e+02 2.376103211000008741e+02 2.376026611999986926e+02 2.375876769999995304e+02 2.363151626500002749e+02 2.375796661999993376e+02 2.363215103500006080e+02 2.363093414499999199e+02 2.375809937000012724e+02 2.363041763500004890e+02 2.362920074499998009e+02 2.375493317000000388e+02 2.362916565000014089e+02 2.363091506999990088e+02
5.403013922029998639e+01 2.357663269000004220e+02 2.372326659999998810e+02 2.372099914999998873e+02 2.357726746000007552e+02 2.357656554999994114e+02 2.371926574999997683e+02 2.357579956000008679e+02 2.371943358999997145e+02 2.371909942999991472e+02 2.371843262000002142e+02 2.357423248999984935e+02 2.371883392000017921e+02 2.357456664999990608e+02 2.357393340999988141e+02 2.371816710999992210e+02 2.357230071999983920e+02 2.357180023000000801e+02 2.371516570999992837e+02 2.357123261000015191e+02 2.357149811000017507e+02
5.503013922029998639e+01 2.353736572000016167e+02 2.366109924499996850e+02 2.377426681499982806e+02 2.353663177999987965e+02 2.353606567999995605e+02 2.377218399000012141e+02 2.353509979000009480e+02 2.365840072999999393e+02 2.377311706499986030e+02 2.365798263500000758e+02 2.353396606999995129e+02 2.377116699999987759e+02 2.353383331000004546e+02 2.353313293999999587e+02 2.377008362500000658e+02 2.353176574999997683e+02 2.353103332999999111e+02 2.376773300499990000e+02 2.353079986999982793e+02 2.353093262000002142e+02
5.603013922029998639e+01 2.346415024499983701e+02 2.359253387999997358e+02 2.372290039500003331e+02 2.346491623500005517e+02 2.358388367499992455e+02 2.372120056499989005e+02 2.346369934000013018e+02 2.359066620000012335e+02 2.372143403000009130e+02 2.359106597999998485e+02 2.358103257000002486e+02 2.371973266500008322e+02 2.346278304999996180e+02 2.346100005999996938e+02 2.371858443999990413e+02 2.346100006500000745e+02 2.345879974500003300e+02 2.371703338499992242e+02 2.345950012499997683e+02 2.345869980000006763e+02
5.703013922029998639e+01 2.349228363000001991e+02 2.364678192499995930e+02 2.366016540999989957e+02 2.349288407000003644e+02 2.364548264000004565e+02 2.374663467499995022e+02 2.349136734499988961e+02 2.364408187999997608e+02 2.374446869500006869e+02 2.353241882500005886e+02 2.364278183000005811e+02 2.374496536499991635e+02 2.349060134999999718e+02 2.348943481999995129e+02 2.374443512500001816e+02 2.348943481999995129e+02 2.348785095500006719e+02 2.374149933000007877e+02 2.348841629500002455e+02 2.348744965000005323e+02
5.803013922029998639e+01 2.347136535999998159e+02 2.361599883999988378e+02 2.361446533000016643e+02 2.347113495000012335e+02 2.359300002999989374e+02 2.372080077999999048e+02 2.347036742999989656e+02 2.359238357499998529e+02 2.371846770999982255e+02 2.354943466499989881e+02 2.359223404000003939e+02 2.371856536999985110e+02 2.346886750000012398e+02 2.346720123999984935e+02 2.371866760000011709e+02 2.346746826000016881e+02 2.354456787500002974e+02 2.371506652999996732e+02 2.346759796000005736e+02 2.346656494000017119e+02
5.903013922029998639e+01 2.352383423000010225e+02 2.358808135999988735e+02 2.358711777000007714e+02 2.352196655499992630e+02 2.359970093999982055e+02 2.367910004000004847e+02 2.352266617000004771e+02 2.353226776000010432e+02 2.367636719000001904e+02 2.353326874000013049e+02 2.353223418999987189e+02 2.367636414000007790e+02 2.352068252500012022e+02 2.351859893999990163e+02 2.367656707999994978e+02 2.351929931499998929e+02 2.352906799000011233e+02 2.367366790999985824e+02 2.351915054000000964e+02 2.351826706000010745e+02
6.003013922029998639e+01 2.358346862999987934e+02 2.361521454500016262e+02 2.361496735000000626e+02 2.358033371500005160e+02 2.361388473999995767e+02 2.361553421499993419e+02 2.358173370500007877e+02 2.358104858999995486e+02 2.361223374000001058e+02 2.358045120499991754e+02 2.358021545999999944e+02 2.361194763500006957e+02 2.357963333499992586e+02 2.357816696999998385e+02 2.361236801499999274e+02 2.357841721499989944e+02 2.357796860500002367e+02 2.361001739499988616e+02 2.357785110499989969e+02 2.357766799999990326e+02
6.103013922029998639e+01 2.364416732999998203e+02 2.364486465500012855e+02 2.364471740499993757e+02 2.364261779999997088e+02 2.364388428000002023e+02 2.364450073499992868e+02 2.364350127999987308e+02 2.364258193999994546e+02 2.364225082499997370e+02 2.364236756000009336e+02 2.364184799499998917e+02 2.364079818999998679e+02 2.364061737500014715e+02 2.363980178999991040e+02 2.364151763999998366e+02 2.363980102999994415e+02 2.364021759499992186e+02 2.363955078500002855e+02 2.364001769999995304e+02 2.363978424500000983e+02
6.203013922029998639e+01 2.361620178000011947e+02 2.361566467000011471e+02 2.361623534999998810e+02 2.361479949999993551e+02 2.361433562999991409e+02 2.361553496999986237e+02 2.361593323000015516e+02 2.361409912000017357e+02 2.361380157999992662e+02 2.361396789999998873e+02 2.361253203999985999e+02 2.361159821000001102e+02 2.361276703000003181e+02 2.361146698000011384e+02 2.361223449999997683e+02 2.361083374000008916e+02 2.361183472000011534e+02 2.361066589000001841e+02 2.361020203000007314e+02 2.361140137000002142e+02
6.303013922029998639e+01 2.357420043999991321e+02 2.357343292000005022e+02 2.357450104000017745e+02 2.357330016999985673e+02 2.357200164999994740e+02 2.357320098999989568e+02 2.357500000000000000e+02 2.357229919999990670e+02 2.357260132000010344e+02 2.357200011999993876e+02 2.357096558000012010e+02 2.355024948500013124e+02 2.355209961000000476e+02 2.355023270000001503e+02 2.355146789499995066e+02 2.354916611000007833e+02 2.355045165999999881e+02 2.354953308500007552e+02 2.354783402000011847e+02 2.355046768000011070e+02
6.403013922029998639e+01 2.355815048500007833e+02 2.355746689500010689e+02 2.355820084000006318e+02 2.355759888000011415e+02 2.355493392999997013e+02 2.355731735499994102e+02 2.355778198499992868e+02 2.355663376499996957e+02 2.355608444499994221e+02 2.355538329999999405e+02 2.355438309000001027e+02 2.357680054000011296e+02 2.357946625000004133e+02 2.357629852999998548e+02 2.357730102999994415e+02 2.357556609999992361e+02 2.357620086999995692e+02 2.357526551000009931e+02 2.357410125999995216e+02 2.357593383999992511e+02
6.503013922029998639e+01 2.361173401500000182e+02 2.361243438999990758e+02 2.361286697499999718e+02 2.361169891500012454e+02 2.361036605999997846e+02 2.363820546666671873e+02 2.361039963500006706e+02 2.361106796499989287e+02 2.361031646999999793e+02 2.360883331999993970e+02 2.360856782000009844e+02 2.360893402499987133e+02 2.360923232999994070e+02 2.360733184500004427e+02 2.360818328999994264e+02 2.360699920499992004e+02 2.360733261499990476e+02 2.360636596499989537e+02 2.360611725500002649e+02 2.360703278000000864e+02
6.603013922029998639e+01 2.363586730999995780e+02 2.363466797000000952e+02 2.363613357499998529e+02 2.363588257000010344e+02 2.363470001000005141e+02 2.363526611500001309e+02 2.363488235499989969e+02 2.363500137499995617e+02 2.363383331499990163e+02 2.363358231000001979e+02 2.363301773000002868e+02 2.363236847000007401e+02 2.363386535999998159e+02 2.363096542500006763e+02 2.363171691999996256e+02 2.363168258499990770e+02 2.363186645999994653e+02 2.363103179999998247e+02 2.363041687000004458e+02 2.363083267500005604e+02
6.703013922029998639e+01 2.356576691000009305e+02 2.356399993999984872e+02 2.356653289999994740e+02 2.356576691000009305e+02 2.356470031999997445e+02 2.356566620000012335e+02 2.357791595500002586e+02 2.357715072999999393e+02 2.356456604000013613e+02 2.356416625999991084e+02 2.356433257999997295e+02 2.357483444999998028e+02 2.356289977999986149e+02 2.357328262999999424e+02 2.357398300000004383e+02 2.357371674000005441e+02 2.357386627500000031e+02 2.357404937999999675e+02 2.356100006000015128e+02 2.356119995000008203e+02
6.803013922029998639e+01 2.356052475500000583e+02 2.360850143500010745e+02 2.361016617500008579e+02 2.360931625499997608e+02 2.360856628999990789e+02 2.360964965999992273e+02 2.362896575999984634e+02 2.362970123000013700e+02 2.360853347999982361e+02 2.352376708999981929e+02 2.358956222500000877e+02 2.362740172999983770e+02 2.352286529999983031e+02 2.362523346000016318e+02 2.362626648000004934e+02 2.362500000000000000e+02 2.362553253000005498e+02 2.362573241999998572e+02 2.352076721000012185e+02 2.352043456999999762e+02
6.903013922029998639e+01 2.349061127250006393e+02 2.358806764000000840e+02 2.358839874000004784e+02 2.358886566000001039e+02 2.358673248000013700e+02 2.358846588000014890e+02 2.358796691999996256e+02 2.358770141999993939e+02 2.358873291999989306e+02 2.346360091999995348e+02 2.348952433666660511e+02 2.358596801999992749e+02 2.346198273000009067e+02 2.358459929999989981e+02 2.358506621999986237e+02 2.358459929999989981e+02 2.358423309999998310e+02 2.358386535999998159e+02 2.345983429500010971e+02 2.346018448499999067e+02
7.003013922029998639e+01 2.340630034999994677e+02 2.347217814333331773e+02 2.347232259333335094e+02 2.347320963666667524e+02 2.347107899999997755e+02 2.347285563333328753e+02 2.347247670666668853e+02 2.347123362333331897e+02 2.345142730799998390e+02 2.340373383000005560e+02 2.340196533000016643e+02 2.346952209666669660e+02 2.340193328999994264e+02 2.346861063666668485e+02 2.346925557666678799e+02 2.346968790999987107e+02 2.346886698666676239e+02 2.346782074333338244e+02 2.339973449999997683e+02 2.339963380000008328e+02
7.103013922029998639e+01 2.336516723999993701e+02 2.336446533000016643e+02 2.336410065000018221e+02 2.336410065000018221e+02 2.336383362000015040e+02 2.334256744499998604e+02 2.334116744999992079e+02 2.334006576499996299e+02 2.334081497499992111e+02 2.334140090999990207e+02 2.334041442999987339e+02 2.333929901000010432e+02 2.334078445499999361e+02 2.333811721999991278e+02 2.333968353000000207e+02 2.334011764499991841e+02 2.333921737500004383e+02 2.333776703000003181e+02 2.333785095000002912e+02 2.333736724999998842e+02
7.203013922029998639e+01 2.333533401500008040e+02 2.333541412499998842e+02 2.333448410000000877e+02 2.333473434500010626e+02 2.333451767000005930e+02 2.335000153000000864e+02 2.334790038999999524e+02 2.334756469999992987e+02 2.334819793999995454e+02 2.334736785999994026e+02 2.334716492000006838e+02 2.334636535999998159e+02 2.334686737000010908e+02 2.336698456000012811e+02 2.334706726000003982e+02 2.334620055999985198e+02 2.334583434999985911e+02 2.336593475499994383e+02 2.336583481500001653e+02 2.336541748500003450e+02
7.303013922029998639e+01 2.337010040500008472e+02 2.337078094500011503e+02 2.336958465500010789e+02 2.336976852500010864e+02 2.336955109000009543e+02 2.337058410500012542e+02 2.336941833999990195e+02 2.336868133500011027e+02 2.336813125500011665e+02 2.336730041999999230e+02 2.336753081999995629e+02 2.336714783499992336e+02 2.336770096500004001e+02 2.334443360000004759e+02 2.336843490999999631e+02 2.336716766500012454e+02 2.336571732499996870e+02 2.334283447999987402e+02 2.334380187999995542e+02 2.334330139000012423e+02
7.403013922029998639e+01 2.330506591999983357e+02 2.339846572999995260e+02 2.339746704000008322e+02 2.339758453499998723e+02 2.330473175000006449e+02 2.339813384999997652e+02 2.339750137999999424e+02 2.339704819500002486e+02 2.339613190000000031e+02 2.330303191999992123e+02 2.339581527999998798e+02 2.339609832999994978e+02 2.330240172999983770e+02 2.339435119999998278e+02 2.339591674999992392e+02 2.330253448000003118e+02 2.339483337999990908e+02 2.339281845000004978e+02 2.339400024499991559e+02 2.339386673000008159e+02
7.503013922029998639e+01 2.334027404999997088e+02 2.345446625000004133e+02 2.345486602999990282e+02 2.346029968500006362e+02 2.336509918400006427e+02 2.346040039500003331e+02 2.345938263000007282e+02 2.345878219500009436e+02 2.345896683000009943e+02 2.336359192199997779e+02 2.345796661500007758e+02 2.345861664000003657e+02 2.336300751000009654e+02 2.345641632499991829e+02 2.345743408500002261e+02 2.336334106800000825e+02 2.345735092500017345e+02 2.345534973000012542e+02 2.345628357000005053e+02 2.345641708500006644e+02
7.603013922029998639e+01 2.348576736499999242e+02 2.348755035499998485e+02 2.349025930333336873e+02 2.350706481999986863e+02 2.350720215000001190e+02 2.350696715999984008e+02 2.350566558999998961e+02 2.350560149999982968e+02 2.350573578000003181e+02 2.350473480000000563e+02 2.350523528999983682e+02 2.350580139000012423e+02 2.352009964000008040e+02 2.351929855500002304e+02 2.350429992999997921e+02 2.352014999500006525e+02 2.350386657999988529e+02 2.351833190999986982e+02 2.351863327499995648e+02 2.351913299499992718e+02
7.703013922029998639e+01 2.351636810500003776e+02 2.351603394000012486e+02 2.355275574000006600e+02 2.351663131499990413e+02 2.356081771999997727e+02 2.351536712999986776e+02 2.351426468000008754e+02 2.351420060000000376e+02 2.351485137999989092e+02 2.351465148999996018e+02 2.351383514999997715e+02 2.355883484500009217e+02 2.349066772000005585e+02 2.349069823999998334e+02 2.351236649000002217e+02 2.357803191999992123e+02 2.351338348499994026e+02 2.348886414000007790e+02 2.348903352000015730e+02 2.357743225000012899e+02
7.803013922029998639e+01 2.346083297999994102e+02 2.346096725499992317e+02 2.361339874499990401e+02 2.346041564999995899e+02 2.361479874500000733e+02 2.345984955000003538e+02 2.345838241499986907e+02 2.345991745000010269e+02 2.345845031999997445e+02 2.345900039500011189e+02 2.345833359500011284e+02 2.361223221500004001e+02 2.345700073500011058e+02 2.345871582499985379e+02 2.345716705999984697e+02 2.361048355499988247e+02 2.345773316000013438e+02 2.345641632499991829e+02 2.345508270499994978e+02 2.361003342000003613e+02
7.903013922029998639e+01 2.352066497999985586e+02 2.352826538000008441e+02 2.368701629499992123e+02 2.351970062000000325e+02 2.364621581999999762e+02 2.352776794500005053e+02 2.352666625999991084e+02 2.352658157499990921e+02 2.351766510000015842e+02 2.352649917500002630e+02 2.352518157999984396e+02 2.364358291499993356e+02 2.351690063999994891e+02 2.352586670000000595e+02 2.352408523499998410e+02 2.364283218500004295e+02 2.352521743999986938e+02 2.352398376500004815e+02 2.352296828999988065e+02 2.364118195000010019e+02
8.003013922029998639e+01 2.347373199999965436e+02 2.357896728999985498e+02 2.372660064999981842e+02 2.347296906000010495e+02 2.357893371999998635e+02 2.357893372000035015e+02 2.357749938999986625e+02 2.359039916999990965e+02 2.352975412999997786e+02 2.357630004999991797e+02 2.357606659000011859e+02 2.358999939000004815e+02 2.352939911000006248e+02 2.358850097500017000e+02 2.358849869000005128e+02 2.358946532999998453e+02 2.358801574499993876e+02 2.358820113999991008e+02 2.358724975500008441e+02 2.358863296499985154e+02
8.103013922029998639e+01 2.352761611999994784e+02 2.362599869000005128e+02 2.366568451500006631e+02 2.352800216499999806e+02 2.362644958999990195e+02 2.362626572000008309e+02 2.362423477000011189e+02 2.364226531999993313e+02 2.364319915999985824e+02 2.362163238500015723e+02 2.362331543000000238e+02 2.364159851000003982e+02 2.364193268000017270e+02 2.364080199999989418e+02 2.364063262999989092e+02 2.364056549000015366e+02 2.364049835000005260e+02 2.364016875999986951e+02 2.363813172000009217e+02 2.364053191999992123e+02
8.203013922029998639e+01 2.347488403999996081e+02 2.359853058000007877e+02 2.359873505999967165e+02 2.347301788999993732e+02 2.359929810000030557e+02 2.359930116000032285e+02 2.359696656000014627e+02 2.359729767999997421e+02 2.359803161999989243e+02 2.359623108000014327e+02 2.359533082000016293e+02 2.359539795999990019e+02 2.359733430000014778e+02 2.359520111999991059e+02 2.359440155999982380e+02 2.359476776000010432e+02 2.359510039999986475e+02 2.359440155999982380e+02 2.359360046000001603e+02 2.359426727999998548e+02
8.303013922029998639e+01 2.340559998000026098e+02 2.364764861999992718e+02 2.364668426500029454e+02 2.349120025499996700e+02 2.353193359500000952e+02 2.353226624000017182e+02 2.353033294499982730e+02 2.353101730500002304e+02 2.353088379000000714e+02 2.352923355500006437e+02 2.352731628500005172e+02 2.353121566999998322e+02 2.352970047000017075e+02 2.364430083999995986e+02 2.352818374999988009e+02 2.352860031499985780e+02 2.364411697999985336e+02 2.352721634000026825e+02 2.352664947499997652e+02 2.352788390999994590e+02
8.403013922029998639e+01 2.334111557500000345e+02 2.361849976000012248e+02 2.361663361000028090e+02 2.346380004999991797e+02 2.346556702000016230e+02 2.346579895000031684e+02 2.346366730000008829e+02 2.346403350999971735e+02 2.346399994000021252e+02 2.346223450000034063e+02 2.346116791000022204e+02 2.346126709000018309e+02 2.346253205000029993e+02 2.359308395499974722e+02 2.346233216000000539e+02 2.346223297000033199e+02 2.359309998000007909e+02 2.346026763999980176e+02 2.345909882000014477e+02 2.346109924999982468e+02
8.503013922029998639e+01 2.328290100000012899e+02 2.355415115499999956e+02 2.355374832000015886e+02 2.342336577999994915e+02 2.342439880000019912e+02 2.342420044000027701e+02 2.342210236000028090e+02 2.342336578000031295e+02 2.342256469999992987e+02 2.342243194999973639e+02 2.342039795000018785e+02 2.342070160000002943e+02 2.340250015500023437e+02 2.343434550000019954e+02 2.342203369000017119e+02 2.340105057000000670e+02 2.352989960000013525e+02 2.340006713999973726e+02 2.339925003499993181e+02 2.339970016999996005e+02
8.603013922029998639e+01 2.333583298000012292e+02 2.348959962000008090e+02 2.349063109999988228e+02 2.336428222499998810e+02 2.336454925500001991e+02 2.336336822500015842e+02 2.336168212999982643e+02 2.339203262499977427e+02 2.336236648999984027e+02 2.336313247500002035e+02 2.336003189000002749e+02 2.336093292499972449e+02 2.334106750999999349e+02 2.333913268999967841e+02 2.339105072500005917e+02 2.333916930999985198e+02 2.348636779999978899e+02 2.333886566000001039e+02 2.333783569000006537e+02 2.333800201999983983e+02
8.703013922029998639e+01 2.330323333999986062e+02 2.342948227499982750e+02 2.343039855999995780e+02 2.339749909000020125e+02 2.339843216000008397e+02 2.339775162500009174e+02 2.339583358999989287e+02 2.342928238000022247e+02 2.339651565500025754e+02 2.339709854499997164e+02 2.339389877499997965e+02 2.339454956500012486e+02 2.339655151500010106e+02 2.339443359500000952e+02 2.342638245000016468e+02 2.339473495499987621e+02 2.342603454500022053e+02 2.339366684500018891e+02 2.339251785499982361e+02 2.339303436500013049e+02
8.803013922029998639e+01 2.323269882249987859e+02 2.336563415999989957e+02 2.336776581000012811e+02 2.336613311999972211e+02 2.336736756000027526e+02 2.336643372000035015e+02 2.336489867999989656e+02 2.336613158999971347e+02 2.336573333999986062e+02 2.336593322999979137e+02 2.336260070999996969e+02 2.336336518000025535e+02 2.336536713000023155e+02 2.336303253000005498e+02 2.336333312999995542e+02 2.336363372999985586e+02 2.336290130999987014e+02 2.336186524000004283e+02 2.336150055000034627e+02 2.336220093000010820e+02
8.903013922029998639e+01 2.318560130666664918e+02 2.333558502500018221e+02 2.333801727499994740e+02 2.333458480999979656e+02 2.333743515499991190e+02 2.333504868000018178e+02 2.333486709499993594e+02 2.333536682000012661e+02 2.333441849000009825e+02 2.333453445499981171e+02 2.333211746000015410e+02 2.333328323500027182e+02 2.333441543999979331e+02 2.333293380999966757e+02 2.333363418500011903e+02 2.333348236499987252e+02 2.333249816999996256e+02 2.333056641000002855e+02 2.333073196499972255e+02 2.333141479500009154e+02
9.003013922029998639e+01 2.314273376999990433e+02 2.339405213000027288e+02 2.339583282499988854e+02 2.339356918999983463e+02 2.339611893000001146e+02 2.339386520999978529e+02 2.339446640499991190e+02 2.339251556499984872e+02 2.339280242999993789e+02 2.338510132000010344e+02 2.339145203000007314e+02 2.339166641999981948e+02 2.339224930500022310e+02 2.339123230999975931e+02 2.339200286999985110e+02 2.339188231999978598e+02 2.339111481500003720e+02 2.338884811499992793e+02 2.339004898500024865e+02 2.339013214499973401e+02
9.103013922029998639e+01 2.312061691499984590e+02 2.344560089000005974e+02 2.346063385500019649e+02 2.344503326999983983e+02 2.344620055999985198e+02 2.344459991999974591e+02 2.344586639999979525e+02 2.344309998000026098e+02 2.344440002999981516e+02 2.336230011000006925e+02 2.344256745000020601e+02 2.345718307999995886e+02 2.344393311000021640e+02 2.344276734000013676e+02 2.345778274999975110e+02 2.345634995000000345e+02 2.344299927000029129e+02 2.344123229999968316e+02 2.344210052999987965e+02 2.344166717999978573e+02
9.203013922029998639e+01 2.314260101500003657e+02 2.343458328499982599e+02 2.352136841000028653e+02 2.343468323000015516e+02 2.343366699500002142e+02 2.343294906499977515e+02 2.343398285000002943e+02 2.343205032500009111e+02 2.343376693999998679e+02 2.343421707499983313e+02 2.343134994499996537e+02 2.351816710999992210e+02 2.343308257999997295e+02 2.343210068000007595e+02 2.351869965000005323e+02 2.351653290000031120e+02 2.343208389499995974e+02 2.343128280499986431e+02 2.343141708499970264e+02 2.343106689500018547e+02
9.303013922029998639e+01 2.307443389999971259e+02 2.347543335000009392e+02 2.347573394999999437e+02 2.347526702999966801e+02 2.347370147999972687e+02 2.347406616000007489e+02 2.347406616000007489e+02 2.347266692999983206e+02 2.347380065999968792e+02 2.347350005999978748e+02 2.347183379999987665e+02 2.347313385000015842e+02 2.347303314000018872e+02 2.347186585000017658e+02 2.347186585000017658e+02 2.347303314000018872e+02 2.347266692999983206e+02 2.347123261000015191e+02 2.347143250000008265e+02 2.347143250000008265e+02
9.403013922029998639e+01 2.303053435999972862e+02 2.352248382500001753e+02 2.352246703999990132e+02 2.352186660499974096e+02 2.352056656000022485e+02 2.352193145999990520e+02 2.352123566000009305e+02 2.352061843999981647e+02 2.352061691000017163e+02 2.352206574000010733e+02 2.351948318499999004e+02 2.352075042500000563e+02 2.351976470999979938e+02 2.351921844500029692e+02 2.351929855499984114e+02 2.352036819500026468e+02 2.351986541999976907e+02 2.351860122500002035e+02 2.351849899500011816e+02 2.351973190499993507e+02
9.503013922029998639e+01 2.296248398500028998e+02 2.346539841000012530e+02 2.346461562999975285e+02 2.346509781999993720e+02 2.346293182500012335e+02 2.346513214000005974e+02 2.346401901500030363e+02 2.346308518000005279e+02 2.346273193499982881e+02 2.346573257499985630e+02 2.346313171499969030e+02 2.346223221000000194e+02 2.346261597000011534e+02 2.346256867000010971e+02 2.346191634999995586e+02 2.346256866499970783e+02 2.346208267500005604e+02 2.346178589000010106e+02 2.346166687500008265e+02 2.346246567000016512e+02
9.603013922029998639e+01 2.299171676500009198e+02 2.348838119499996537e+02 2.348806457499995304e+02 2.348609771500014176e+02 2.348699798499983444e+02 2.348703460500000801e+02 2.348665084999993269e+02 2.348618468999993638e+02 2.348448104999988573e+02 2.348500137500013807e+02 2.348473129000012705e+02 2.348416518999983964e+02 2.348445053499999631e+02 2.348400116500015429e+02 2.348445129499996256e+02 2.348361740500004089e+02 2.348440094500001578e+02 2.348245162999992317e+02 2.348226853499982099e+02 2.348266754500000388e+02
9.703013922029998639e+01 2.296643372000035015e+02 2.346736603000026662e+02 2.346779938000036054e+02 2.346499938999986625e+02 2.346703186000013375e+02 2.346616821999996318e+02 2.346510009999983595e+02 2.346506653000033111e+02 2.346433258000033675e+02 2.346326752000022680e+02 2.346383208999977796e+02 2.346336670000018785e+02 2.346353301999988616e+02 2.346316681000025710e+02 2.346350097999966238e+02 2.346223450000034063e+02 2.346453400000027614e+02 2.346216735999987577e+02 2.346073456000012811e+02 2.346103363000001991e+02
9.803013922029997218e+01 2.301930007999981171e+02 2.342936706999971648e+02 2.342966614000033587e+02 2.342770080999980564e+02 2.342949981999990996e+02 2.342810211000032723e+02 2.342713165000022855e+02 2.342709807999999612e+02 2.342646636999998009e+02 2.338982620500009943e+02 2.342639923000024282e+02 2.342590026999969268e+02 2.342590179999970132e+02 2.342586517000017921e+02 2.342590179999970132e+02 2.342476501999990433e+02 2.342643432999975630e+02 2.342453155999974115e+02 2.342283478000026662e+02 2.342353516000002855e+02
9.903013922029997218e+01 2.298786621999970521e+02 2.336578369999988354e+02 2.336524963500014564e+02 2.336433410999998159e+02 2.336571579500014195e+02 2.336376801000005798e+02 2.336323241999998572e+02 2.336314773999984027e+02 2.336331634499983920e+02 2.335058593499998096e+02 2.336306686999996600e+02 2.336209945500013418e+02 2.336235199500006274e+02 2.336239853000006406e+02 2.336168518500016944e+02 2.336119842499974766e+02 2.336136857000019518e+02 2.336026535000019067e+02 2.335921783499979938e+02 2.336010208499974397e+02
1.000301392202999722e+02 2.295865020999990520e+02 2.339428329500005930e+02 2.339383315999984916e+02 2.339326705999992555e+02 2.339390029999995022e+02 2.339255142500005604e+02 2.339304885999990802e+02 2.339133148499968229e+02 2.339241638500025147e+02 2.339149857000011252e+02 2.339178314499986300e+02 2.339158248999992793e+02 2.339145126499970502e+02 2.339073180999985198e+02 2.339108505500007595e+02 2.339044800000010582e+02 2.339070205999996688e+02 2.338839874500008591e+02 2.338926849500021490e+02 2.338941803000016080e+02
1.010301392202999722e+02 2.301280059999990044e+02 2.345183411000034539e+02 2.345176696999988053e+02 2.345103301999988616e+02 2.345180054000011296e+02 2.345153503999972600e+02 2.345039825999992900e+02 2.344903106999990996e+02 2.345026702999966801e+02 2.345686645499990846e+02 2.345584946000017226e+02 2.345523300499990000e+02 2.345603485499996168e+02 2.345476608499993745e+02 2.345496826500020688e+02 2.345483245999967039e+02 2.345515137000002142e+02 2.345214920500002336e+02 2.345355072499987727e+02 2.345355072000020300e+02
1.020301392202999722e+02 2.299014968999981647e+02 2.348723296999996819e+02 2.348699950999980501e+02 2.348524933000007877e+02 2.348716583499990520e+02 2.348649902500001190e+02 2.348448409999982687e+02 2.348488388000005216e+02 2.348446579000010388e+02 2.350636748999968404e+02 2.350553283999979612e+02 2.350509948999970220e+02 2.350623322000028566e+02 2.350466766000026837e+02 2.350483246000003419e+02 2.350443420000010519e+02 2.350496521000022767e+02 2.350270080999980564e+02 2.350269927999979700e+02 2.350326538000008441e+02
1.030301392202999722e+02 2.301413345000000845e+02 2.351478347999982361e+02 2.351446685999981128e+02 2.351341705500017270e+02 2.351501693999998679e+02 2.351363297000025341e+02 2.351293335499976820e+02 2.351271591999975499e+02 2.351251679000015429e+02 2.351288376000011340e+02 2.351164932499996212e+02 2.351218337999998766e+02 2.351286697499999718e+02 2.351153335999988485e+02 2.351061706500004220e+02 2.351101684499990370e+02 2.351094970999984071e+02 2.350916671999984828e+02 2.350930023500004609e+02 2.350995025500014890e+02
1.040301392202999722e+02 2.294923400999978185e+02 2.345979996000023675e+02 2.345844956000000820e+02 2.345793304999970132e+02 2.345925064000002749e+02 2.345836639499975718e+02 2.345760040499990282e+02 2.345781631999998353e+02 2.345656662500005041e+02 2.345701752000022680e+02 2.345666657000001578e+02 2.345734940000002098e+02 2.345721740999979374e+02 2.345616684499982512e+02 2.345559998000026098e+02 2.345576630000032310e+02 2.345583344000006036e+02 2.345466690499997640e+02 2.345401688000019931e+02 2.345514984500005085e+02
1.050301392202999722e+02 2.290830077999999048e+02 2.350963286999976845e+02 2.350976563000003807e+02 2.350786590999996406e+02 2.351013336000032723e+02 2.350826568999982555e+02 2.350683441000001039e+02 2.350703429999994114e+02 2.350676575000034063e+02 2.350586852999986149e+02 2.350756682999999612e+02 2.350793304000035278e+02 2.350756682999999612e+02 2.350703429999994114e+02 2.350593261999965762e+02 2.350650023999987752e+02 2.350496674000023631e+02 2.350576781999989180e+02 2.350319977000035578e+02 2.350593261999965762e+02
1.060301392202999722e+02 2.284530106000020169e+02 2.346833343999969657e+02 2.346936646000031033e+02 2.346783294999986538e+02 2.346993255999987014e+02 2.346849976000012248e+02 2.346630097000015667e+02 2.346703339000014239e+02 2.346666564999977709e+02 2.346583404999983031e+02 2.346689910999994026e+02 2.346750030999974115e+02 2.346770019999967190e+02 2.346630097000015667e+02 2.346556549000015366e+02 2.346653443000031984e+02 2.346449890000003506e+02 2.346530151999977534e+02 2.346333312999995542e+02 2.346463318000023719e+02
1.070301392202999722e+02 2.286938552999999956e+02 2.352228470000009111e+02 2.352305145499994978e+02 2.352343445000005886e+02 2.352420120499991754e+02 2.352339859499988961e+02 2.352091674500006775e+02 2.352216644500003895e+02 2.352216873500001384e+02 2.352109985499992035e+02 2.352106781000002229e+02 2.352153549499998917e+02 2.352204895499999111e+02 2.352006607499970414e+02 2.352046508999992511e+02 2.352048340000001190e+02 2.351921539499999199e+02 2.351911697499999718e+02 2.351769867000002705e+02 2.351873168999991321e+02
1.080301392202999722e+02 2.284143524000028265e+02 2.347128448499970546e+02 2.347083511499986344e+02 2.347193374999988009e+02 2.347205047999996168e+02 2.347176590500021121e+02 2.346968231499995454e+02 2.347059937499980151e+02 2.347078476499991666e+02 2.347058335000001534e+02 2.346951751499982493e+02 2.346993408000016643e+02 2.346991577999979199e+02 2.346741639000028954e+02 2.346979981500007852e+02 2.346754913999975543e+02 2.346472205999998550e+02 2.346744995499975630e+02 2.346623230000004696e+02 2.346656647500021791e+02
1.090301392202999722e+02 2.278138275499986776e+02 2.340579834000018309e+02 2.349006728999993356e+02 2.340589905000015278e+02 2.340586547999992035e+02 2.340559998000026098e+02 2.340433350000021164e+02 2.340396728999985498e+02 2.340356597999998485e+02 2.340456695999964722e+02 2.340303191999992123e+02 2.340333251999982167e+02 2.340386657999988529e+02 2.340123443999982555e+02 2.340330048000032548e+02 2.340090026999969268e+02 2.340263214000005974e+02 2.340143432999975630e+02 2.340033417000013287e+02 2.340030059999990044e+02
1.100301392202999722e+02 2.271789856000032159e+02 2.336203155999974115e+02 2.346589966000028653e+02 2.336289977999986149e+02 2.336233215999964159e+02 2.336093445000005886e+02 2.336166687000004458e+02 2.336016692999983206e+02 2.333794860999987577e+02 2.333900069999981497e+02 2.333853225999991992e+02 2.333833236999998917e+02 2.333948288000028697e+02 2.333720169000007445e+02 2.345603408999995736e+02 2.333693466000004264e+02 2.333761520499974722e+02 2.333681793000032485e+02 2.333558350000021164e+02 2.333009185999981128e+02
1.110301392202999722e+02 2.277038192999971216e+02 2.333334885000003851e+02 2.342596588000014890e+02 2.333201599499989243e+02 2.333366470500004652e+02 2.333083344000006036e+02 2.333303451499996299e+02 2.333108443999990413e+02 2.334356536999985110e+02 2.334313506999969832e+02 2.334373169000027701e+02 2.334376525999978185e+02 2.334470062999971560e+02 2.334276886000006925e+02 2.342243346999966889e+02 2.334203491000007489e+02 2.334329834000018309e+02 2.334170075000001816e+02 2.334106597999998485e+02 2.334143372000035015e+02
1.120301392202999722e+02 2.283459853999993356e+02 2.336471557999975630e+02 2.336491547000005085e+02 2.336351547499980370e+02 2.336533202999999048e+02 2.336173324500014132e+02 2.336395110999983444e+02 2.336263504499984265e+02 2.336193237500010582e+02 2.336155242999993789e+02 2.336181564500002423e+02 2.336178207500015560e+02 2.336239928999966651e+02 2.336001815499985241e+02 2.336086501999998291e+02 2.336045226999995066e+02 2.336126633000021684e+02 2.335958481499983463e+02 2.335959930499993789e+02 2.335873260500011384e+02
1.130301392202999722e+02 2.289343337999998766e+02 2.339846725499992317e+02 2.339830093499986106e+02 2.339645081000016944e+02 2.339878463499990175e+02 2.339666595499984396e+02 2.339746780499990564e+02 2.339666748000017833e+02 2.339541778999991948e+02 2.339546737499986193e+02 2.339566650499982643e+02 2.339553375499999675e+02 2.339531555499997921e+02 2.339378356999986863e+02 2.339378433500023675e+02 2.339360046500005410e+02 2.339540100499980326e+02 2.339325027499980933e+02 2.339326553499995498e+02 2.339289932499996212e+02
1.140301392202999722e+02 2.286336670000018785e+02 2.337106780999965849e+02 2.337136841000028653e+02 2.336963500999991084e+02 2.337120208999986062e+02 2.336996460000009392e+02 2.337089997000002768e+02 2.336983337999990908e+02 2.336873474000021815e+02 2.336860047000009217e+02 2.336823425999973551e+02 2.336853485000028741e+02 2.336863251000031596e+02 2.336663361000028090e+02 2.336656799999982468e+02 2.336629944000014802e+02 2.336803436999980477e+02 2.336719970999984071e+02 2.336623229999968316e+02 2.336633147999964422e+02
1.150301392202999722e+02 2.283328247500030557e+02 2.332606659000011859e+02 2.332646789999998873e+02 2.332546692000032635e+02 2.332640076000025147e+02 2.332539977999986149e+02 2.332579955999972299e+02 2.332526549999965937e+02 2.332343445000005886e+02 2.332343140000011772e+02 2.332340087999982643e+02 2.332360076999975718e+02 2.332403411999985110e+02 2.332169952999975067e+02 2.330103378500025428e+02 2.330023269999983313e+02 2.330126724499968986e+02 2.330073318499999004e+02 2.330021744000005128e+02 2.330051727499994740e+02
1.160301392202999722e+02 2.289096680000002380e+02 2.330496673499983444e+02 2.330524979000001622e+02 2.330423355499988247e+02 2.330553284000015992e+02 2.330433273499984352e+02 2.330500030499970308e+02 2.330403289999994740e+02 2.330279999000013049e+02 2.330278320500001428e+02 2.330296630999982881e+02 2.330261688499995216e+02 2.330315018000001146e+02 2.330096664499978942e+02 2.332406616000007489e+02 2.332353363000001991e+02 2.332420044000027701e+02 2.332449951000016881e+02 2.332296752999973251e+02 2.332339934999981779e+02
1.170301392202999722e+02 2.286621780499990564e+02 2.335934982500002661e+02 2.335898361500003375e+02 2.335799942000012379e+02 2.336071625000004133e+02 2.335834961000000476e+02 2.335820007500005886e+02 2.335751648000004934e+02 2.335628280499986431e+02 2.335661620999999286e+02 2.335721740999979374e+02 2.335730057000000670e+02 2.335644988999993075e+02 2.335568390000007639e+02 2.335573349000005692e+02 2.335553360000012617e+02 2.335566711499996018e+02 2.335583343500002229e+02 2.335393371499994828e+02 2.335448303499979374e+02
1.180301392202999722e+02 2.288591842999994697e+02 2.338643265000027895e+02 2.338723221000000194e+02 2.338629913500008115e+02 2.338719863999976951e+02 2.338620071500008635e+02 2.338581695500033675e+02 2.338515014500007965e+02 2.338503265499966801e+02 2.338586730999995780e+02 2.338559951999995974e+02 2.338531494000017119e+02 2.338516693000019586e+02 2.338413390999994590e+02 2.338379974499985110e+02 2.338358383499980846e+02 2.338378296000009868e+02 2.338388366500003031e+02 2.338291778500024520e+02 2.338208388999992167e+02
1.190301392202999722e+02 2.283281707999994978e+02 2.331809998000026098e+02 2.331903381000010995e+02 2.331743317000000388e+02 2.331983336999983294e+02 2.331816710999992210e+02 2.331813354999976582e+02 2.331693268000017270e+02 2.333199996999974246e+02 2.333130035499998485e+02 2.333106766000018979e+02 2.333146744000005128e+02 2.333118209999993269e+02 2.333093414499999199e+02 2.333098373499997251e+02 2.332983398999967903e+02 2.333043365500016080e+02 2.333006820999980846e+02 2.332823181499989005e+02 2.332806549000015366e+02
1.200301392202999722e+02 2.289213562000004458e+02 2.336801833999998053e+02 2.336896744500008936e+02 2.336615143499984697e+02 2.336873398500028998e+02 2.336779861499999242e+02 2.336686706500004220e+02 2.336721725999996124e+02 2.338736877999981516e+02 2.338696593999993638e+02 2.338583528000017395e+02 2.338643493999989005e+02 2.338689880000019912e+02 2.338576660000035190e+02 2.338683471999975154e+02 2.338430023999972036e+02 2.338513489999968442e+02 2.338543396000022767e+02 2.338279877000022680e+02 2.338283233999973163e+02
1.210301392202999722e+02 2.292748489500008873e+02 2.334520111000019824e+02 2.334683379999987665e+02 2.334459991999974591e+02 2.334496613000010257e+02 2.334469909999970696e+02 2.334446717000028002e+02 2.334420013999988441e+02 2.334406738999969093e+02 2.334390105999991647e+02 2.334243317000000388e+02 2.334333343999969657e+02 2.334363251000031596e+02 2.334306792999996105e+02 2.334433441000001039e+02 2.334143372000035015e+02 2.334210052999987965e+02 2.334250030999974115e+02 2.334029998999976669e+02 2.334023285000002943e+02
1.220301392202999722e+02 2.290900115999975242e+02 2.339560089500009781e+02 2.339666671999984828e+02 2.327504425000030608e+02 2.339479980500000238e+02 2.339556656000022485e+02 2.339531555499997921e+02 2.339431610499996168e+02 2.339441681000025710e+02 2.339434966999979224e+02 2.339239960000013525e+02 2.339346694999985630e+02 2.339318313500007207e+02 2.339294967999994697e+02 2.339338379000000714e+02 2.339228286999968986e+02 2.339261627500018221e+02 2.339189910999994026e+02 2.339100036500021815e+02 2.339108352500006731e+02
1.230301392202999722e+02 2.286363372999985586e+02 2.334450073500011058e+02 2.334543304500002705e+02 2.322930832000020018e+02 2.334373397999988811e+02 2.334499969500029692e+02 2.334495010499995260e+02 2.334309997500022291e+02 2.334321670499994070e+02 2.334391632000006211e+02 2.334221648999991885e+02 2.334221649499995692e+02 2.334193343999977515e+02 2.334184951999995974e+02 2.334293365499979700e+02 2.334169998500001384e+02 2.334186706500004220e+02 2.334083328500018979e+02 2.334086608999969030e+02 2.334055023500004609e+02
1.240301392202999722e+02 2.283423309499994502e+02 2.328313294000035967e+02 2.328403319999997620e+02 2.327099990999995498e+02 2.328190002999981516e+02 2.328333283000029041e+02 2.328263396999973338e+02 2.328166656999965198e+02 2.328056641000002855e+02 2.328206635000024107e+02 2.328143311000021640e+02 2.327983399000004283e+02 2.327966614000033587e+02 2.328023223999989568e+02 2.328143311000021640e+02 2.328836518000025535e+02 2.328009948999970220e+02 2.327866668999995454e+02 2.327896728999985498e+02 2.327899933000007877e+02
1.250301392202999722e+02 2.289573287999992317e+02 2.333359908999991603e+02 2.333441543499975523e+02 2.333386688500031596e+02 2.333283233500005736e+02 2.333396759500028566e+02 2.333363419000015710e+02 2.333210068000007595e+02 2.333098220500032767e+02 2.333086700499989092e+02 2.333103255999994872e+02 2.333169937000020582e+02 2.333108367999993789e+02 2.333133392499985348e+02 2.333163223500014283e+02 2.331727409750001243e+02 2.333084869500016794e+02 2.332903365999991365e+02 2.332935104499993031e+02 2.333048324499977753e+02
1.260301392202999722e+02 2.293101577499983250e+02 2.339601669500007119e+02 2.339688339499989524e+02 2.339608230499979982e+02 2.339541625999991084e+02 2.339666595499984396e+02 2.339593429999986256e+02 2.339541778500024520e+02 2.339419936999984202e+02 2.339350128500009305e+02 2.339293289500019455e+02 2.339454956000008679e+02 2.339388351500019780e+02 2.339385070999996969e+02 2.339458236999998917e+02 2.339346618999989005e+02 2.339290008499992837e+02 2.339245071500008635e+02 2.339229965000013181e+02 2.339338302500000282e+02
1.270301392202999722e+02 2.286776734000013676e+02 2.346751594749985088e+02 2.346111831999987771e+02 2.345838089499993657e+02 2.345968475999980001e+02 2.346009902999976475e+02 2.345926666499981366e+02 2.346025009499971929e+02 2.345900116499979049e+02 2.345764999500024715e+02 2.345765152499989199e+02 2.345855102999994415e+02 2.345789871500019217e+02 2.345716705500017270e+02 2.345893479000005755e+02 2.345710068000007595e+02 2.345595169500011252e+02 2.345658264000012423e+02 2.345534896999997727e+02 2.345681457999999111e+02
1.280301392202999580e+02 2.282543488000010257e+02 2.351056670999969356e+02 2.351100005999978748e+02 2.350790100000012899e+02 2.350946808000007877e+02 2.350989990000016405e+02 2.352121581999999762e+02 2.350989838000023155e+02 2.352148360999999568e+02 2.352061614999984158e+02 2.352036742999989656e+02 2.352121658500000194e+02 2.352065048000004026e+02 2.352019882499989762e+02 2.352108383000013418e+02 2.351956710499980545e+02 2.351863402999988466e+02 2.351941528500028653e+02 2.351755065999968792e+02 2.351951675499985868e+02
1.290301392202999580e+02 2.276693496999978379e+02 2.355766830499997013e+02 2.355865021000026900e+02 2.351391754500000388e+02 2.355698318499999004e+02 2.355731811500008916e+02 2.357613372999985586e+02 2.355724945500005560e+02 2.357726592999970308e+02 2.349133147999964422e+02 2.357506561999980477e+02 2.357583161000002292e+02 2.349090118000021903e+02 2.357570037999976194e+02 2.357659912000017357e+02 2.349033355999999912e+02 2.348890076000025147e+02 2.357460022000013851e+02 2.348836824000027264e+02 2.357480164000007790e+02
1.300301392202999580e+02 2.271886673000008159e+02 2.361341858499981754e+02 2.361429901500014239e+02 2.346220245999975305e+02 2.361228256499998679e+02 2.361266784500003268e+02 2.361044922500004759e+02 2.361278306000021985e+02 2.361201553500031878e+02 2.345984878999988723e+02 2.361793671000001780e+02 2.361018295499998203e+02 2.345901794499986863e+02 2.360981598500002292e+02 2.361059951999995974e+02 2.345874939499990433e+02 2.345749969999997120e+02 2.360853271499981929e+02 2.345660171499985154e+02 2.360796814000023005e+02
