# r	vx_0	vx_1	vx_2	vx_3	vx_4	vx_5	vx_6	vx_7	vx_8	vx_9	vx_10	vx_11	vx_12	vx_13	vx_14	vx_15	vx_16	vx_17	vx_18	
2.030139220299999714e+00 4.699600000094506188e-07 -3.063970000016525010e-06 8.606000000099811883e-07 -3.027340000016920385e-06 4.459838000002491808e-05 -3.332520000026306711e-06 1.062039999987973614e-06 2.868639999996958083e-06 -3.466800000001057938e-06 -1.135239999962323121e-06 3.601079999998546494e-06 -3.259279999997488706e-06 -2.866822999999385372e-05 2.526246999998420662e-05 -6.713999999874432032e-07 -2.422486000000389941e-05 -1.672370000005685165e-06 2.069099999971513242e-06 -2.014099999769314298e-07
3.030139220299999714e+00 7.324200000311975898e-07 -3.228760000024522095e-06 5.981500000189044446e-07 -3.961179999987507698e-06 1.165769999988697340e-06 -1.806639999995240982e-06 1.239020000002710757e-06 2.032469999994645946e-06 -2.264409999997951595e-06 1.664978099999871023e-04 -1.663025000000061416e-04 -1.434329999960937123e-06 -4.326171000004706135e-05 2.081909200000381984e-04 -1.688232500000140101e-04 -3.790283000000727205e-05 -3.002939999987574789e-06 4.602060000024721620e-06 -2.136240000027101054e-06
4.030139220299998826e+00 -7.934599999316560474e-07 -3.063960000054066929e-06 5.981399999654968354e-07 -1.599119999900722221e-06 3.295799999705195647e-07 -2.795400000013614735e-06 1.330559999996694425e-06 1.269539999975677367e-06 -4.028399999697284977e-07 2.507019000000127590e-04 -2.532409600000846430e-04 -4.638599999907455554e-07 -2.197279999973034275e-06 2.525939999999991608e-04 -2.523254400000041718e-04 1.269540000066626895e-06 -3.137220000007801098e-06 2.600099999972371793e-06 -1.342800000202259907e-07
5.030139220299998826e+00 -2.273925900000449483e-04 2.231323300000440189e-04 -6.042500000148720731e-07 -8.972199999789154275e-07 -4.028300000300077978e-07 -3.063960000008591847e-06 3.070070000012492533e-06 -1.434330000029149322e-06 3.234900000279594924e-07 7.850950999995802621e-05 -3.064025799999398926e-04 2.240356399999654914e-04 8.667000000059488168e-07 7.686158000001342523e-05 -7.659911999999167661e-05 -6.652800000210845415e-07 -1.763920000030338902e-06 1.165770000034171998e-06 3.052000001844134787e-08
6.030139220299998826e+00 -1.811279399999875727e-04 1.782592799999292775e-04 -4.638599998543213702e-07 -1.599120000082621065e-06 4.638600000362203192e-07 -4.467780000049969969e-06 2.734380000038072335e-06 -7.324200000766722477e-07 -8.056599999690660682e-07 -1.062019999972108135e-06 -1.805908199999976219e-04 1.775878999999804312e-04 2.807620000021415683e-06 -3.332520000003569383e-06 1.196280000021943198e-06 -4.638600000362203192e-07 -2.136239999981625973e-06 1.928719999978056740e-06 -4.512939999999616660e-05
7.030139220299998826e+00 -1.629640000010113017e-06 -3.661999999167164750e-08 3.051699999559787173e-07 -3.100569999969593664e-06 6.714000001011299536e-08 -3.332520000003569383e-06 1.647900000079971377e-07 1.934819999905812276e-06 -1.672369999960210507e-06 6.100000064179766678e-09 -2.398679999987507412e-06 -8.666900000207534062e-07 2.319300000181101596e-07 -1.068120000081762514e-06 4.638700000668904935e-07 5.004900000130874567e-07 6.043700999998691324e-05 -6.053468000004613985e-05 -2.546385000005102372e-05
8.030139220299998826e+00 -2.301029999944148400e-06 2.337650000026769601e-06 -1.898190000065369588e-06 -2.301030000035098139e-06 8.667000000968983443e-07 -4.498289999992266511e-06 2.160649999859743005e-06 9.704500001134875500e-07 -3.540030000112892520e-06 2.606190000096830973e-06 -4.132070000105159374e-06 -6.347699999423639200e-07 -3.356899999744200387e-07 1.531980000072508122e-06 -5.981500000416417735e-07 7.995699999810312851e-07 2.451660100000481023e-04 -2.476684500000373833e-04 3.662000000076659495e-07
9.030139220299998826e+00 -3.137199999946460537e-06 1.208500000029744146e-06 -2.685600000404519815e-07 -3.271480000148585477e-06 2.807600000051024862e-06 -3.869619999932183046e-06 2.856439999959547957e-06 1.013179999972635513e-06 -4.675279999901249749e-06 2.331539999977394681e-06 -4.260260000046400736e-06 -8.056599999690660682e-07 2.075200000035692751e-06 7.324199999857228261e-07 -1.879879999978584330e-06 1.538079999954789000e-06 1.822692900000220018e-04 -1.850036700000600885e-04 4.760800000440212672e-07
1.003013922029999883e+01 -2.197279999927559194e-06 5.981399999654968354e-07 -1.349485999990065396e-05 -4.168710000067221657e-06 1.793213000000832739e-05 -3.601060000073630331e-06 1.672359999975014885e-06 5.079955000010158688e-05 -5.274046999993515681e-05 5.120239999996556597e-05 -6.757204000005003484e-05 6.380617000004349380e-05 1.269509999929141396e-06 -7.690399999773945001e-07 -2.435299999979179297e-06 3.131110000049375070e-06 -2.197260000048118112e-06 -1.568599999973230269e-06 -8.972300000095856019e-07
1.103013922029999883e+01 -9.643299999879672683e-07 2.770979999968403661e-06 -2.554992700000184515e-04 -2.197240000168676606e-06 2.530578400001104304e-04 -5.981299999803013188e-07 -5.676299999322509776e-07 4.389647999987573778e-05 -6.877848666651971681e-05 6.791178666669565943e-05 -2.955932600001688290e-04 2.933349599999928782e-04 -8.666999998240498679e-07 -1.330580000103509432e-06 -2.343739999923855068e-06 4.003899999952409354e-06 -2.465819999997620566e-06 -2.331539999977394681e-06 -3.418000000237952765e-07
1.203013922029999883e+01 -4.333499999120249339e-07 5.676200000380049885e-07 -2.354675200000201488e-04 -8.911200000511598916e-07 2.314575300000797022e-04 -6.104000003688269574e-08 -9.094199999708507904e-07 3.533930000048713011e-06 -2.087400000073102878e-06 -1.098599999750149425e-07 -2.330627499999536612e-04 2.316650300000219558e-04 -1.599110000006476126e-06 -1.647999999477178906e-07 -2.099600000019563689e-06 2.429190000020753269e-06 -1.696780000202125015e-06 -2.069079999910172681e-06 7.629300001099182113e-07
1.303013922029999705e+01 2.319399998668814114e-07 -3.265370000008260818e-06 -8.863525999986450064e-05 7.774251666669442884e-05 8.494053333197371100e-06 -2.465819999997620566e-06 2.319400000487803604e-07 2.801499999986844929e-06 -1.593019999927491816e-06 -2.380399999310611856e-07 -9.033000002091285126e-07 -7.690399999773945001e-07 -1.525890000084473339e-06 -8.361899997908040101e-07 -2.624300001116352910e-07 2.197260000139067427e-06 1.342799998383270682e-07 -4.077169999982288673e-06 7.325000005948823310e-08
1.403013922029999705e+01 -3.418000000237952765e-07 -4.199220000009518199e-06 3.473510999992867937e-05 -1.967774000004283183e-05 -1.652220999985729510e-05 -7.324199999857228261e-07 8.056599999690660682e-07 5.248999998002545385e-07 -1.733400000011897634e-06 1.342780000049970031e-06 -4.028399998787790761e-07 -3.063960000145016244e-06 -2.001960000052349827e-06 9.277400000428315655e-07 -3.295999998954357811e-07 1.464860000123735528e-06 1.672359999793116042e-06 -5.468759999712347408e-06 -1.342800002021249397e-07
1.503013922029999705e+01 1.626281600001675497e-04 -4.260260000228299368e-06 7.324400001380127023e-07 2.001939999900059951e-06 -3.466800000023795267e-06 1.135260000228299853e-06 7.324199999857228261e-07 1.953199996933108149e-07 -2.331539999795495626e-06 2.465819999997620566e-06 -2.197280000109458249e-06 -2.001939999900059951e-06 -1.806639999995240982e-06 1.000999999814666892e-06 -9.277599998313235437e-07 1.196279999930993671e-06 2.197280000109458249e-06 -5.859360000249580719e-06 -4.053345999982412007e-05
1.603013922029999705e+01 2.196045000000595036e-05 -2.502449999883538123e-06 1.104750000013154941e-06 6.713000002491753176e-08 -4.058830000030866287e-06 2.832019999914336882e-06 -1.538079999954789000e-06 7.995600000867852960e-07 -2.862550000099872616e-06 2.496340000107011150e-06 -1.367190000019036168e-06 -5.615199999738251614e-07 -2.374270000109390802e-06 1.104740000118908846e-06 -1.599120000173570592e-06 1.037600000017846376e-06 1.525869999932183463e-06 -3.198239999801444443e-06 -2.740479000003688141e-05
1.703013922029999705e+01 -4.992680000032123668e-06 -1.666260000092734219e-06 1.763920000121288430e-06 -8.361900001546019080e-07 -2.832029999990482032e-06 1.739499999894178512e-06 6.104000003688269574e-08 -4.943899997670086807e-07 -2.563470000131928893e-06 1.300050000099872753e-06 -7.325000005948823310e-08 1.647999999477178906e-07 -3.161619999991671612e-06 -7.019100001343759173e-07 -1.464849999865691747e-06 1.727300000129616756e-06 -1.098630000160483241e-06 4.699700000855955039e-07 -1.934820000133185988e-06
1.803013922029999705e+01 -4.003910000028554080e-06 6.042600001819664328e-07 9.948599999916041592e-07 -1.928710000174760384e-06 -1.367190000019036168e-06 1.269540000066626895e-06 -1.568599999882280741e-06 1.397709999946528120e-06 -3.228760000092734082e-06 1.434320000225852754e-06 -1.007080000272253478e-06 1.342800000202259907e-07 -1.098639999872830281e-06 -2.301020000049902728e-06 -2.069100000153412297e-06 3.808600000229489440e-06 -1.635750000059488149e-06 1.129170000058366015e-06 -3.198239999983343498e-06
1.903013922029999705e+01 -1.391619999776594283e-06 -1.733380000223405655e-06 1.269519999914337019e-06 -1.269519999550539121e-06 -2.404800000294926536e-06 5.371200000809039629e-07 -2.075200001854682347e-07 -6.103999985498375998e-08 -3.295800001069437500e-07 1.733380000223405655e-06 -3.063960000145016244e-06 -2.075199998216703632e-07 -8.667000001878477658e-07 -1.867660000061732697e-06 -2.331559999947785502e-06 -4.100342000001546599e-05 4.367676000019855696e-05 -4.353636000032565641e-05 -2.673339999819290744e-06
2.003013922029999705e+01 -8.361899999727029591e-07 -1.196290000007138609e-06 6.469725999977527062e-05 -6.453857999986212777e-05 -2.496339999925112518e-06 2.075299998978152748e-07 -1.873780000096303451e-06 6.770629000002372899e-05 -6.740720999987388155e-05 8.079629999986082665e-05 -8.049112999990484221e-05 6.362915000008797671e-05 -3.668219999963184991e-06 -6.229856999998446008e-05 -3.332530000079714109e-06 1.060668999998597373e-04 -1.003051799998502260e-04 -2.783204000006662753e-05 -2.392580000014277218e-06
2.103013922029999705e+01 -7.629399999132146730e-07 -1.031490000241319614e-06 5.309448000007250932e-05 -5.419922000000951636e-05 -3.802499999983410876e-06 2.001959999870450772e-06 -8.361800000784569699e-07 2.448364199999559956e-04 -2.459289499998704035e-04 2.873474100000748778e-04 -2.858825600000273050e-04 5.256346000005578529e-05 1.862976199996410186e-04 -2.433654799995565662e-04 -5.004800003007403107e-07 2.410705399999642261e-04 -2.380004799999369447e-04 -1.934809999693243152e-06 -2.471930000137945225e-06
2.203013922029999705e+01 -1.672359999793116042e-06 1.464839999971445652e-06 -1.660139999876264410e-06 -5.371200000809039629e-07 1.420206733334225730e-04 -1.440226333334749089e-04 1.449096866667559853e-04 9.732055333345214748e-05 -2.434875600003579292e-04 2.419250599999941075e-04 -2.415344400000321860e-04 -1.733379999495809859e-06 1.797363199999381432e-04 -1.808715800005302257e-04 -5.981399997835978864e-07 2.375366100000974147e-04 -6.387023500010400841e-05 -1.739959749995250490e-04 -8.056600003328639662e-07
2.303013922029999705e+01 -1.989760000287788071e-06 2.465820000361418252e-06 -2.600100000563543192e-06 9.277400000428315655e-07 2.801269800002046382e-04 -2.835937800002284216e-04 2.855346600001212268e-04 1.135280000016791831e-06 -2.868652400000428144e-04 2.869873199997528194e-04 -2.865966999997908980e-04 -2.734380000038072335e-06 4.373780000023544119e-05 -4.285890000028302817e-05 4.239503999997395805e-05 2.394653400006063759e-04 -8.895264000020688152e-05 -1.508484000001772169e-04 -1.330560000133118610e-06
2.403013922029999705e+01 7.074584999998023325e-05 -3.662000017357058987e-08 -3.063959999781218558e-06 -6.866252333347802150e-05 3.680582633332960788e-04 -2.992004299998370694e-04 3.007018899996182805e-04 2.014200003031874096e-07 -3.024963399999251040e-04 3.029235899997729685e-04 -3.722595199998295469e-04 6.640014999986760353e-05 -1.249389599997812231e-04 1.243103099997824705e-04 -3.850099999981466530e-05 3.391235399994911798e-04 5.737300001783296478e-07 -3.402954100001807317e-04 -8.917235999979311134e-05
2.503013922029999350e+01 1.136779866664028256e-04 1.504882733331442042e-04 -1.514200866665078025e-04 -1.138814233331913805e-04 4.937988199999381132e-04 -3.809468566669238759e-04 1.715047266667625190e-04 1.264644000184489366e-06 -1.750520906666906847e-04 3.834676166664166812e-04 -4.957702600000630155e-04 1.103495300001668518e-04 -1.132120799997210264e-04 2.617980999999417477e-04 -1.473205600001847523e-04 3.793884300003583254e-04 -2.089147940002931253e-04 -2.121826600000531609e-05 -2.688659600000391746e-04
2.603013922029999350e+01 -2.099610000004759100e-06 5.059021000000939487e-04 -5.048645000002579359e-04 6.347600003209664073e-07 2.856884799999533922e-04 -2.892285199999605609e-04 -9.764999995240941836e-08 1.831059999676654158e-06 -3.466809999736142308e-06 2.907763759998488462e-04 -2.887438959998689684e-04 -2.764899999965564288e-06 7.080100000166566895e-07 2.861474619998716782e-04 -2.886560120000012893e-04 2.893225120000806846e-04 -2.856542920001174852e-04 2.852001880001580236e-04 -2.895336880000058915e-04
2.703013922029999350e+01 -2.124019999610027338e-06 4.918701199996576090e-04 -4.926025399996433870e-04 2.258299999812152278e-06 -3.271479999966686422e-06 -8.544999996956903196e-07 -2.075200005492661062e-07 1.342800002021249397e-07 -1.867679999850224675e-06 3.869639999902574714e-06 -2.062979999755043433e-06 -5.407720000221160765e-06 2.941920000012032813e-06 -2.734400000190362212e-06 -1.477039999736007408e-06 -1.318971000036981370e-05 1.886597000011533867e-05 -2.106933999966713751e-05 4.028499999549239613e-07
2.803013922029999350e+01 -1.635739999983343211e-06 3.190826299998661777e-04 -3.203521699999327898e-04 5.065900000772671779e-07 -6.774899997253669446e-07 -1.324450000174692794e-06 -5.004999999073334458e-07 -3.051700001378776663e-07 -9.582599999703233065e-07 1.995840000017779073e-06 -3.436259999944013438e-06 -2.063000000271131419e-06 1.501459999781218271e-06 -3.668209999887039841e-06 -2.685499999643070434e-07 -3.663329999981215562e-05 3.880004999991797126e-05 -4.140014999975392035e-05 -1.538080000318586898e-06
2.903013922029999350e+01 1.696960599998419508e-04 -9.619141999985458477e-05 -7.620850000009795147e-05 1.403819999904953937e-06 -7.629499996255617131e-07 -1.666250000198488124e-06 6.958000001759501011e-07 -2.233889999843085930e-06 1.837159999922732723e-06 2.233879999766941203e-06 -3.839109999898937188e-06 -2.795400000104564051e-06 2.233880000130738890e-06 -3.100580000318586761e-06 -1.800549999825307144e-06 3.405769999881158402e-06 -2.465829999709967606e-06 2.442000004521105486e-08 -1.098630000342382084e-06
3.003013922029999350e+01 1.830688400001235930e-04 -1.860350999995716694e-05 -1.652954100001807064e-04 3.051000021514482664e-08 1.616638199997396459e-04 -2.258299999812152278e-06 1.794440000230679225e-06 -1.634277400004066334e-04 8.606000003055668878e-07 1.630309999996825234e-04 -2.197259999957168372e-06 -1.648681599999690650e-04 2.172850000351900134e-06 1.572265499995410300e-04 -1.617980799997894789e-04 1.638610799996968173e-04 -1.639221199999155968e-04 1.623352000002341712e-04 -1.639404300000023805e-04
3.103013922029999350e+01 2.500000999971234612e-05 6.652799998846603563e-07 -2.653198999978485572e-05 1.599139999598264672e-06 2.260131000002729541e-05 -3.594969999903696493e-06 2.429200000187847735e-06 -2.457276000022829928e-05 4.638800004613585659e-07 2.396848999997018982e-05 -4.028320000361418539e-06 -2.360228999968967285e-05 2.539059999980963914e-06 1.609497999997984012e-05 -2.003784000007726557e-05 2.296751999965636004e-05 -2.443237999978009535e-05 2.387086000017007000e-05 -2.479858000006060893e-05
3.203013922029999350e+01 4.638600003090686897e-07 1.464839999971445652e-06 -2.990720000525471006e-06 1.525880000554025142e-06 -1.391600000351900202e-06 -1.867679999850224675e-06 1.660160000028554286e-06 -2.685599996766541364e-07 -1.953000006324146062e-07 -1.953200000571087129e-07 -2.807619999657617997e-06 6.103999985498375998e-08 -6.591799996385816861e-07 -5.395500000304309556e-06 1.330559999769320713e-06 1.257320000149775263e-06 1.220000049215741480e-08 4.044800999945437223e-05 -4.192504999991797268e-05
3.303013922029999350e+01 1.428219999797875135e-06 6.042500001058214947e-07 -2.331549999871640352e-06 1.391610000064247242e-06 -1.586910000332863898e-06 -1.971439999761059764e-06 2.069089999713469461e-06 -1.269529999990481957e-06 1.098630000342382084e-06 4.028399998787790761e-07 -4.205330000331741914e-06 -3.967199994804104768e-07 -7.019200002105208554e-07 -2.032460000191349590e-06 -4.333499997301259849e-07 1.129149999906076139e-06 -9.155000007012859324e-08 8.520500000304309283e-06 -1.055908000016643236e-05
3.403013922029999350e+01 2.258309999888297004e-06 3.723099998751422382e-07 -2.166740000029676420e-06 -7.385299999441485364e-07 -5.492999989655800336e-08 -1.538090000394731836e-06 2.294920000349520905e-06 -2.331540000159293312e-06 7.324199999857228261e-07 4.273000013199634649e-08 -1.806639999995240982e-06 -2.380400001129601081e-07 -2.160640000147395965e-06 -1.434339999832445678e-06 1.000989999738521954e-06 -8.727999997063307459e-07 1.672350000080769002e-06 -2.069080000001122421e-06 -1.135259999864501955e-06
3.503013922029999350e+01 3.167729999768198585e-06 2.624499997182283732e-07 -2.691659999618423254e-06 -1.403809999828808999e-06 3.661999980977270512e-08 1.709000000118976382e-07 5.615300000499700995e-07 -2.734380000401870445e-06 7.385400000202934745e-07 2.130120000219904012e-06 -4.602049999812152073e-06 9.948599999916041592e-07 -1.660150000316207246e-06 -1.733400000011897634e-06 1.434340000560041474e-06 -1.568610000322223577e-06 1.904289999947650254e-06 -2.172849999624304338e-06 1.403799997206078933e-07
3.603013922029999350e+01 1.269529999990481957e-06 4.333499997301259849e-07 -1.501469999857363209e-06 -6.347599995933706114e-07 -1.495370000338880441e-06 1.098629999978584186e-06 -4.333400000177789448e-07 -1.330570000209263549e-06 -5.676299995684530796e-07 2.532959999371087240e-06 -5.035399999542277899e-06 1.037599999108351816e-07 -1.336670000091544427e-06 -9.704599997348850627e-07 1.098640000054729124e-06 -5.310100001224782526e-07 2.685599996766541364e-07 -1.928709999629063643e-06 5.004799997550435696e-07
3.703013922029999350e+01 2.670287999935681066e-05 -2.646483999924385084e-05 -8.361899999727029591e-07 -2.868650000891648345e-06 1.648100005695596227e-07 3.051699994102818703e-07 1.709000007394934077e-07 -2.172850000715698244e-06 2.868640000087907399e-06 -1.068109999687294547e-06 -4.565420000290032625e-06 -2.319399998668814114e-07 1.397699999870383182e-06 -2.069079999273526625e-06 1.202379999449476651e-06 2.509767999981704485e-05 -2.697145999991334999e-05 -1.422119999915594257e-06 -1.037580000047455554e-06
3.803013922029999350e+01 1.861084000000118874e-04 -1.716369699995993819e-04 1.342799994745291702e-07 -1.763305999993462891e-05 1.403197999970870955e-05 -1.400145999978121845e-05 3.662100007204571561e-07 -2.496340000652708314e-06 3.100579999590990965e-06 -2.160639999783597855e-06 1.112671000009868313e-05 -1.466674999974202406e-05 1.547240999934729181e-05 -1.710815999904298206e-05 2.203369999551796291e-06 1.817993200002092585e-04 -1.698974500002805178e-04 -1.620484000013675568e-05 3.356900007929653092e-07
3.903013922029999350e+01 1.684997399999701962e-04 -6.713000038871541651e-08 -3.967299999203533129e-07 -1.694396999992022813e-04 1.661376999989442921e-04 -1.673339799999666805e-04 1.403800000844057754e-06 -2.868640000815503195e-06 6.713800001307390264e-07 -5.981399997835978864e-07 1.639648299998952877e-04 -1.649658099995576787e-04 1.656616199994459873e-04 -1.696044999989681026e-04 3.271499999391380502e-06 1.632324099999095911e-04 7.019099997705780193e-07 -1.948669399993377817e-04 2.706297999902744714e-05
4.003013922029999350e+01 4.843749000065145403e-05 -1.574700000492157415e-06 -4.492189000011421421e-05 -4.333479999331757467e-06 4.533080999972299017e-05 1.196280000294791569e-06 -1.031489999877521716e-06 -2.001950000703800473e-06 2.270510000380454556e-06 -8.300900000904220810e-07 -3.369129999919096118e-06 1.593020000291289714e-06 -9.582600003341212045e-07 -3.704830000060610358e-06 5.297850000351900284e-06 -3.692630000296049025e-06 -1.507570000103441985e-06 -2.603332600003341042e-04 2.603698800005076718e-04
4.103013922029999350e+01 4.746703000055276704e-05 -4.406740001286380393e-06 -4.096678999922005358e-05 -3.564449999976204540e-06 4.160157999940565754e-05 0.000000000000000000e+00 1.953200000571087129e-07 2.685200000996701270e-07 1.538120000623166651e-06 -3.036501000096905194e-05 2.576293000092846230e-05 -2.853393000041251190e-05 -4.028199997264891999e-07 -2.398680000624153892e-06 3.308110000943997885e-06 -8.361900007002986492e-07 -2.105719999235588908e-06 -2.726318300003185958e-04 2.716003399997134844e-04
4.203013922029999350e+01 4.504390000511193446e-06 -1.135260000592097539e-06 -2.667239999573212179e-06 -1.098620000266237146e-06 -1.129149999906076139e-06 4.943799998727626916e-07 -2.624499997182283732e-07 -4.699700002674944529e-07 -4.028299998026341380e-07 -3.896484000069903880e-05 3.900146000087261313e-05 -4.287110000004759332e-05 2.807620000385213793e-06 -4.077140000299550388e-06 2.478019999398384212e-06 -1.538080000318586898e-06 -3.295999995316378832e-07 -2.712707500002579670e-04 2.707336500010569373e-04
4.303013922029999350e+01 -1.403799993568099953e-07 1.670959399991261431e-04 -1.674682599994412101e-04 -3.497310000238940180e-06 -3.967299999203533129e-07 -1.342700001259800016e-07 1.629640000464860443e-06 -3.053000036743469623e-08 -2.203359999839449251e-06 -2.563500005635432911e-07 1.653625500010093697e-04 -1.650024499998835510e-04 1.652710099988325830e-04 -1.712036199998692688e-04 2.697750000515952888e-06 -3.131099999882281028e-06 1.667663500003982338e-04 -2.533996500009379660e-04 8.690185000086785515e-05
4.403013922029999350e+01 1.687011800007894708e-04 2.669677999947452809e-05 -1.944641099995351292e-04 1.640319700003601742e-04 -1.666320700001960961e-04 -1.501470000948756903e-06 1.202390000980812969e-06 -1.709000003756955362e-07 -1.666259999910835164e-06 1.677673299993330167e-04 2.456666000070981736e-05 -1.926330499998584985e-04 1.927978499996242927e-04 -2.912598000038997119e-05 -1.638061499994364659e-04 -5.230719999963184854e-06 7.567749666657164014e-05 -7.348022666653833000e-05 -5.310000000463333145e-07
4.503013922029999350e+01 1.471252499992260581e-04 1.770020000549266049e-06 -1.464294299999892323e-04 1.420593099996040199e-04 -1.459351000012247840e-05 -1.330688400004874014e-04 -7.323999889194965396e-08 1.312011599991819871e-04 -1.324584799993317700e-04 1.471923699995386398e-04 -4.272400001354981197e-07 -1.455688499998359514e-04 1.447998099996766601e-04 -2.764899999601766602e-06 -1.077271000031032583e-05 -1.377319199993508032e-04 1.339965799998026302e-04 -1.328003000002354308e-04 1.328735400005825931e-04
4.603013922029999350e+01 1.225036600000748994e-04 -2.685500003281049413e-07 -1.232360899994091675e-04 1.201355099998181752e-04 2.013999997870996619e-07 -5.896605000016279398e-05 -6.597290999998222641e-05 6.093749999999999720e-05 5.310100001224782526e-07 6.257323999961954188e-05 -3.009029999520862571e-06 -5.659179000067524295e-05 5.720214000029955336e-05 -2.368159999605268033e-06 -5.914307999992161039e-05 -6.555785000018659236e-05 1.246948200001497678e-04 -6.016845000049215482e-05 -3.063970000221160971e-06
4.703013922029999350e+01 5.859984999988228040e-05 -1.232919999893056166e-06 -5.730591000028653127e-05 5.400391000002855563e-05 8.972099996753968825e-07 4.034430000319844143e-06 -6.446532999980263080e-05 -4.943900006765034256e-07 6.009522000022115852e-05 1.904290000675246050e-06 -6.207270000595599127e-06 4.840089999925112737e-06 -3.503419999469769988e-06 -1.098630000342382084e-06 -5.780638999931397989e-05 -2.197270000760909318e-06 5.889891999977408025e-05 4.699800003436393910e-07 -6.096191999968141186e-05
4.803013922029999350e+01 1.808044500001415188e-04 -1.854980600008275266e-04 3.759760000684764032e-06 -6.268300000374438306e-06 1.031499999953666654e-06 3.302000000257976485e-06 -3.228749999834690301e-06 -1.165789999504340736e-06 1.031509999302215797e-06 1.098630000342382084e-06 -6.365970000479137879e-06 4.571520000172313503e-06 -1.940910000121220771e-06 -2.062989999831188583e-06 -4.394499999762047080e-07 -1.361090000136755501e-06 1.848571900001843367e-04 -1.835266200003388744e-04 1.808654800006479499e-04
4.903013922029998639e+01 2.038696200004778741e-04 -2.095336800004588560e-04 3.991680000035558145e-06 -5.871559999650344365e-06 -5.249199995887466226e-07 4.467779998958576487e-06 -3.002939998987130623e-06 -2.392560000589583138e-06 2.001959999324754031e-06 -3.417999992961995334e-07 -5.334480000601615951e-06 5.004880001069977538e-06 -1.940920000197365921e-06 -3.125000000000000150e-06 6.103999912738800371e-08 -1.123039999220054527e-06 2.488586300001770484e-04 -2.472717100004956500e-04 2.437377800000831596e-04
5.003013922029998639e+01 1.173726333334343489e-04 -1.001057933332049336e-04 -1.873779000015929442e-05 -3.533930000412510697e-06 2.053832000019610937e-05 -2.023924999957671500e-05 -1.647899996896740035e-07 -2.435310000146273339e-06 3.357000001415144513e-07 -3.357000001415144513e-07 1.923828999933903080e-05 -1.796876000007614527e-05 1.956788000097731145e-05 -3.137219999916851359e-06 -2.136840000021038630e-05 2.177124000008916405e-05 1.279297000000951753e-04 -1.502319500003068198e-04 1.468994300004851470e-04
5.103013922029998639e+01 3.906199999619275497e-07 2.442321800008357855e-04 -2.460266200003388757e-04 -3.417799991439096572e-07 2.426757699991867294e-04 -2.455444300001545076e-04 2.539059999980963914e-06 -4.333499999484046920e-06 -4.028199997264891999e-07 1.330559999041724917e-06 2.450683600007323281e-04 -2.454589800006943038e-04 2.449584900001355002e-04 -3.302009999606525415e-06 -2.451965200001723043e-04 2.468322699998680013e-04 -2.093509999394882426e-06 -2.468750000007275780e-04 2.457336400002531926e-04
5.203013922029998639e+01 8.392399999138433981e-07 2.232665999996242981e-04 -2.281982399996195562e-04 1.763909999863244648e-06 2.216369599998870292e-04 -2.241332999998121595e-04 1.135259999864501955e-06 -4.168699999718228137e-06 6.286599993472918353e-07 2.935790000628912705e-06 2.475555449993407930e-04 -2.502899149993027274e-04 2.240356399990560085e-04 -3.503419999469769988e-06 -2.224975600001926148e-04 2.239990299996861742e-04 -6.652799995208624583e-07 -2.261352599998644954e-04 2.265319799997087197e-04
5.303013922029998639e+01 5.395500001031905776e-06 -7.324000034714117974e-08 -6.457519999821670054e-06 3.991700000187847598e-06 -2.124020000337623134e-06 -7.324000034714117974e-08 -1.342799994745291702e-07 -2.331540000159293312e-06 -4.028399998787790761e-07 2.941899999859742937e-06 3.906199999619275497e-07 -3.662100000656210032e-06 1.403800000844057754e-06 -3.869620000477880634e-06 1.599119999445974796e-06 -1.538079998863395306e-06 -5.981599999358877626e-07 3.295999995316378832e-07 2.404780000506434770e-06
5.403013922029998639e+01 8.667000001878477658e-07 1.599119999445974796e-06 -3.063959999417420448e-06 0.000000000000000000e+00 -2.685600004042498794e-07 -3.295799993793480069e-07 -1.135260000592097539e-06 -9.399400005349889059e-07 0.000000000000000000e+00 2.270500001031905203e-06 -1.196280001022387365e-06 -1.000979999662377015e-06 -5.981399997835978864e-07 -3.271480000694282218e-06 1.403800000844057754e-06 -3.332519999821670328e-06 8.667000001878477658e-07 1.660160000028554286e-06 -1.220800011651590590e-07
5.503013922029998639e+01 2.276672400003008022e-04 3.662999952211975847e-08 -2.277343800000380806e-04 2.241699099999095747e-04 -2.685500003281049413e-07 -2.255676299995684406e-04 2.242309599998407025e-04 7.995599997229873980e-07 -1.702880000084405681e-06 2.636720000737113709e-06 -2.868650000164052549e-06 -2.251647999997658152e-04 2.232971199999155899e-04 -8.300699999381322048e-07 -2.990799999679438813e-07 -2.136230000178329617e-06 2.600099999835947396e-06 -1.129149999906076139e-06 -3.661999995529185770e-07
5.603013922029998639e+01 7.686767000050167447e-05 1.776129999780096069e-06 -7.910767000066698030e-05 7.860107000014977569e-05 -2.502439999807392973e-06 -7.689818999933777717e-05 7.827147999996669086e-05 1.129159999982221077e-06 -2.990700006193946862e-07 -1.648099991143681102e-07 -1.568600000609876537e-06 -8.166503999964333917e-05 8.032836999991558756e-05 -7.275957614183426252e-16 -1.464839999971445652e-06 -4.431149999436457039e-06 2.331540000159293312e-06 3.161629999522119597e-06 -3.295900000375695607e-06
5.703013922029998639e+01 1.062000000092666629e-06 1.219999976456165357e-08 -3.137199999764561482e-06 -5.371000006562098827e-07 -1.867679999850224675e-06 2.929679999942891304e-06 -2.929679999942891304e-06 2.075199998216703632e-07 -4.200439999985974544e-05 1.330570000573061447e-06 -2.496340000652708314e-06 1.531980000436306020e-06 -3.802489999361568985e-06 2.404789999127387904e-06 -2.105719999963184704e-06 -1.196289999643340711e-06 4.333600001700688210e-07 -7.995700005267281321e-07 -1.269529999990481957e-06
5.803013922029998639e+01 3.735349999624304625e-06 5.310100001224782526e-07 -7.403570000315085411e-06 6.714000046486035462e-08 1.232900000468362086e-06 -1.269529999990481957e-06 -2.563400012149940960e-07 4.272400001354981197e-07 3.524171000026399552e-05 4.455560000496916870e-06 -4.199220000009518199e-06 1.611339999362826428e-06 -4.675300000235438680e-06 2.734380000038072335e-06 -2.062999999907333309e-06 1.000980001117568396e-06 1.391599999624304406e-06 -4.797359999793116192e-06 1.196279999567195773e-06
5.903013922029998639e+01 1.878967499993450501e-04 -1.855480000085663131e-06 -1.895080699992831869e-04 -5.981400005111936824e-07 1.869690100000298214e-04 -1.873352199996588792e-04 7.995599997229873980e-07 1.820068400003947272e-04 -1.858032299998740281e-04 2.130129999568452943e-06 1.804016199996112853e-04 -1.813964899993152481e-04 -4.235850000259233866e-06 1.928720000432804165e-06 -9.766000002855435647e-08 1.389566666646260259e-05 1.679768933337300073e-04 -1.857360900008643578e-04 1.851257300011638883e-04
6.003013922029998639e+01 2.555663999992248089e-04 -2.197259999957168372e-06 -2.529663199995411645e-04 -5.798339999455492784e-06 2.571350199992593799e-04 -2.564636200004315430e-04 7.934599998407066258e-07 2.539672800005064127e-04 -2.560302800004137782e-04 -1.074220000009518050e-06 2.527038600004743812e-04 -2.526306200001272461e-04 -3.796380000130739176e-06 9.277400007704272556e-07 7.323999889194965396e-08 -1.342779998958576549e-06 2.529052799996861891e-04 -2.547607399996195581e-04 2.559570199999143384e-04
6.103013922029998639e+01 1.259582599996065231e-04 -3.961189999245106889e-06 -1.225341800010937721e-04 -4.394529999262886099e-06 1.287353599997004532e-04 -1.285400399996433401e-04 9.338399999251123377e-07 6.549681999968016120e-05 -6.696166999972774756e-05 -3.204339999501826266e-06 1.287353499996243009e-04 -1.276672300002246587e-04 -2.770999999484047480e-06 6.713899994792882744e-07 0.000000000000000000e+00 -2.014300000155344497e-07 1.255981500005873492e-04 -1.298278800000844148e-04 1.324279799991927558e-04
6.203013922029998639e+01 3.068237300001783207e-04 -1.586899999529123375e-06 -3.076721400000678990e-04 -4.431140000087907686e-06 3.159606999994139060e-04 -3.163940499995078503e-04 -2.990699998917989432e-07 6.853026999961002745e-05 -6.710204999981214744e-05 -4.028320000361418539e-06 1.252014199999393915e-04 -1.256408799999917368e-04 8.056700004090089043e-07 -6.347600006847641995e-07 -1.495369999611284645e-06 1.794430000154534287e-06 3.117920100004994239e-04 -3.150939900006051084e-04 1.275329399999463958e-04
6.303013922029998639e+01 4.934326200003852619e-04 -1.226810000662226146e-06 -4.969421399990096725e-04 -1.129140000557526997e-06 4.647033600005670215e-04 -4.650024400005349804e-04 -1.171869999961927534e-06 1.513366699997277520e-04 -1.524597199997515496e-04 -1.037599999835947533e-06 1.471008200001961059e-04 -1.228027200006181346e-04 -2.470092999938060683e-05 2.529906999916420313e-05 -2.702636999965761630e-05 2.802735000077518618e-05 4.704650899991975367e-04 -4.995971700001973579e-04 1.231628399997134610e-04
6.403013922029998639e+01 4.726318299995909702e-04 -8.667000001878477658e-07 -4.771728500003518877e-04 2.075199999671895065e-06 5.179046550005296382e-04 -5.207000749996950652e-04 1.391599999624304406e-06 1.640014700002211600e-04 -1.665283300004375550e-04 0.000000000000000000e+00 1.615600700002687564e-04 2.398670000548008742e-06 -1.656921400011924681e-04 1.640686100006860193e-04 -1.638000500002817711e-04 1.654296900000190400e-04 3.077270500005397226e-04 -4.760986400004185411e-04 1.213989399999263727e-04
6.503013922029998639e+01 3.040893700002925658e-04 -2.160649999859743005e-06 -3.090332100007799564e-04 5.633540000417269373e-06 3.046997099998407306e-04 -3.099609299999429076e-04 1.800550000189105042e-06 3.601049999997485605e-06 -2.471920000243699130e-06 -2.899159999651601665e-06 2.130119999492308216e-06 -2.862549999554175875e-06 2.166759999818168610e-06 -3.802500000165309930e-06 2.630610000051092308e-06 4.028399998787790761e-07 2.999633800005540142e-04 -3.065002400006051333e-04 2.502430000458844043e-06
6.603013922029998639e+01 2.884521399988443542e-04 -3.723139999783597719e-06 -2.900024399990797932e-04 3.808579999895300509e-06 2.855956999992485942e-04 -2.888671799999428997e-04 4.583130000028177341e-05 2.496339999925112518e-06 -5.981500005873386205e-07 -3.796389999479288107e-06 2.062999999907333309e-06 -3.332519999821670328e-06 1.898190000065369588e-06 -3.228760000638430823e-06 2.227780000976053807e-06 -6.652800002484582542e-07 2.393676700005016806e-04 -2.437316900002770091e-04 1.806649999343790124e-06
6.703013922029998639e+01 8.400268000041250492e-05 -2.001949999976204677e-06 -8.883057000057305590e-05 4.364010000426787628e-06 8.323365000032936594e-05 -8.856812000012723586e-05 4.536742999989655772e-05 5.871579999802633818e-06 -2.941879999707453061e-06 -5.248999994364567464e-07 1.061999998637475037e-06 -3.662099999201018440e-06 -2.907105000049341374e-05 2.733765000011771800e-05 0.000000000000000000e+00 -2.743531000014627454e-05 6.580200000025797694e-05 -6.967163000008439930e-05 3.570549999858485418e-06
6.803013922029998639e+01 1.666249999834690226e-06 -1.867670000501675533e-06 -7.366949999413919098e-06 6.170659999770578387e-06 -2.667229999497067029e-06 -1.702900000236695557e-06 -7.995500003744382559e-07 5.029289999947650404e-06 -2.825920000032056004e-06 -9.764999995240941836e-08 -3.784300002735108375e-07 -4.089349999412661498e-06 -3.640136999965762056e-05 3.519896999932825294e-05 1.196289999643340711e-06 -3.839721999975154182e-05 3.670044000027701493e-05 -4.037474000069778672e-05 4.614240000955760694e-06
6.903013922029998639e+01 1.653320299999904699e-04 -1.686645500005397509e-04 -6.713999973726458511e-08 1.867679999850224675e-06 1.598693699997966264e-04 -1.615722599999571557e-04 -2.697750000515952888e-06 1.650024500013387400e-04 -1.634704700009024332e-04 3.967300006479490559e-07 -1.293940000323345780e-06 -2.264409999770577882e-06 5.920399999013170083e-07 -3.625489999831188446e-06 2.093509999394882426e-06 -8.911099997931160045e-07 -1.403800000844057649e-07 -2.099610000004759100e-06 3.637690000323345998e-06
7.003013922029998639e+01 2.813108999980613623e-05 -3.067014999978709633e-05 1.269519999914337019e-06 4.028399998787790761e-07 2.302855999951134564e-05 -2.383421999911661338e-05 -3.930679999757557773e-06 2.917481999902520260e-05 -2.690429999929619954e-05 6.713800001307390264e-07 -2.001960000779945199e-06 -8.056599996052682761e-07 -8.667000001878477658e-07 -3.454579999379347839e-06 1.721179999003652519e-06 -1.220599995576776437e-07 2.062979999755043433e-06 -3.137199999764561482e-06 4.638600003090686897e-07
7.103013922029998639e+01 -6.591800003661773762e-07 -3.674319999117870073e-06 1.464839999971445652e-06 1.269540000066626895e-06 -6.066880001162644802e-06 5.004860000917688085e-06 -2.197260000684764168e-06 -2.685600004042498794e-07 0.000000000000000000e+00 1.257340000302065139e-06 -2.990700000373181130e-06 6.591400000615976238e-07 -7.934199995361268734e-07 -4.528839999693446065e-06 2.331560000311583188e-06 1.342799994745291702e-07 7.324000005610287459e-07 -3.210440000111702940e-06 4.028399998787790761e-07
7.203013922029998639e+01 5.004900005587841978e-07 -3.900149999390123831e-06 -6.958000012673437951e-07 2.032470000995090112e-06 -4.669190000277012229e-06 4.205319999891799077e-06 -1.672359999793116042e-06 -2.990699998917989432e-07 -8.667000001878477658e-07 1.269529999262886161e-06 -3.369139999267645049e-06 4.638699996576178848e-07 -5.615299996861722015e-07 -3.802480000013020054e-06 2.569569999468513030e-06 -6.042499997420235967e-07 1.037599999108351816e-07 -1.635740000347141109e-06 -6.286599993472918353e-07
7.303013922029998639e+01 -2.099610000004759100e-06 -1.666259999910835164e-06 -4.699700002674944529e-07 1.171869999961927534e-06 -4.132069999468512470e-06 3.228749999834690301e-06 -1.434320000407751597e-06 -7.019099997705780193e-07 -5.004800004826392597e-07 1.239010000426787902e-06 -4.040520000125980295e-06 2.435290000721579259e-06 -4.315190000011170601e-06 -1.043700000195713165e-06 1.666269999986980102e-06 2.624499997182283732e-07 -1.129149999178480343e-06 -8.667000009154435618e-07 -6.042499997420235967e-07
7.403013922029998639e+01 -1.599120000173570592e-06 -6.715000126860104899e-08 -1.647899996896740035e-07 -1.733400000375695532e-06 -1.501469998765969727e-06 4.699799996160436480e-07 -1.239020001230528636e-06 2.270510001108050352e-06 -3.735350000351900420e-06 2.203370001370785569e-06 -2.673340000183088853e-06 -2.990700013469904822e-07 8.403726666704187769e-05 -8.613076666708821669e-05 -1.635749999695690251e-06 2.331539999431697516e-06 6.408800007193349537e-07 -2.508549999038223205e-06 1.403899994329549335e-07
7.503013922029998639e+01 -1.031500000681262450e-06 -1.934820000315085043e-06 8.056700011366047002e-07 -3.173830000741872945e-06 -3.356999994139187083e-07 8.728099994186777860e-07 -1.501470000221161107e-06 3.631599999789614050e-06 -4.895029999170219545e-06 8.300900000904220810e-07 6.713000038871541651e-08 -1.599110000097425654e-06 -1.904300000023795193e-06 3.661999944597482698e-08 -1.269540000066626895e-06 9.399499991559423579e-07 1.098640001146122818e-06 -7.995699997991323361e-07 -1.702880000812001477e-06
7.603013922029998639e+01 1.992188000003807083e-05 -2.562866999942343691e-05 2.136239998799283175e-06 -2.496349999273661449e-06 2.279054000100586602e-05 -2.296142000122926990e-05 -1.898210000945255260e-06 2.661140001146122893e-06 -1.831060000404249954e-06 1.232920000620651962e-06 -2.368170001136604775e-06 2.502440000534988769e-06 -6.964099999458994925e-06 -1.648100005695596227e-07 1.495359999535139707e-06 -1.397689999430440346e-06 1.428210000449325993e-06 -7.263200008310377440e-07 -6.089998350944370342e-09
7.703013922029998639e+01 2.454650900006527048e-04 -2.492004500003531554e-04 1.806639999267645186e-06 -3.002919998834840747e-06 2.463989299983950203e-04 -2.449951299990061563e-04 -2.062980001210235025e-06 6.591800018213689681e-07 -5.371200008084997589e-07 -3.295800008345395460e-07 -2.331540000159293312e-06 2.124020000337623134e-06 -4.187019998789764851e-06 0.000000000000000000e+00 -6.713800015859306184e-07 -1.342799980193376577e-07 2.062999998452141717e-06 -2.258319998509250562e-06 9.277399978600442835e-07
7.803013922029998639e+01 2.224975599994650068e-04 -2.269653299998026369e-04 1.300049999554175800e-06 -2.532970000174827762e-06 2.236267200001748406e-04 -2.234191899988218345e-04 -3.100590000394731911e-06 5.310099993948824566e-07 3.967299999203533129e-07 -5.065999997896142180e-07 -1.959219999844208556e-06 4.400629999872762349e-06 -5.267330000060610221e-06 -5.371200008084997589e-07 -1.464839999971445652e-06 -3.295899980003014060e-07 -6.714000046486035462e-08 1.562500000000000075e-06 2.014199984841979991e-07
7.903013922029998639e+01 -3.137199999764561482e-06 -2.197259999229572576e-06 -4.638799990061670798e-07 1.953200000571087129e-07 -5.371000006562098827e-07 -2.197279999381862453e-06 -1.000979999662377015e-06 9.399599977768958099e-07 -1.599139999598264672e-06 1.586919999681413252e-06 -3.906199999619275497e-07 2.136220000102184890e-06 -4.870600000140257226e-06 -2.001959999324754031e-06 1.342800009297207092e-07 -1.196279999567195773e-06 -2.075200027320533883e-07 1.867680001305416267e-06 -5.981599999358877626e-07
8.003013922029998639e+01 7.934599998407066258e-07 -3.540039999643340506e-06 -1.525880000554025142e-06 2.600119999260641476e-06 0.000000000000000000e+00 -4.260280000744387777e-06 1.586920002591796224e-06 1.147479997598566200e-06 -2.270519998273812318e-06 -2.001959999324754031e-06 1.599119999445974796e-06 -1.330560000496916508e-06 -4.760800016811117552e-07 -7.323999976506456679e-07 -1.196319999871775525e-06 -1.062000001547858221e-06 1.464840001426637244e-06 -1.464840001426637244e-06 -1.013159999274648684e-06
8.103013922029998639e+01 4.638700003852136278e-07 -3.967290000582579359e-06 -2.331539998704101720e-06 4.193119998672045729e-06 -7.629499988979660230e-07 -3.198230000270996034e-06 7.690400001592934491e-07 1.031489999149925920e-06 -1.342700008535757711e-07 -3.131109998503234162e-06 -1.403799993568099953e-07 1.904299999296199608e-06 -2.832040000066626758e-06 1.531990000512450958e-06 -2.996830000483896610e-06 -1.202389999525621589e-06 1.232909999089315432e-06 -1.330570000573061447e-06 4.943899999489076297e-07
8.203013922029998639e+01 2.258300009998492892e-07 -7.794200000353157528e-06 2.838140001404099228e-06 2.294929999334272149e-06 -2.368159999605268033e-06 -4.394600007799453892e-07 -8.972199997515417148e-07 2.280883999992511243e-05 -1.937256000019260723e-05 -4.797359999793116192e-06 -6.042499997420235967e-07 2.374259999487548911e-06 -2.673330000834539499e-06 1.800530000764410961e-06 -5.963129999872763060e-06 1.763910001318436029e-06 -1.232900001923553678e-06 -1.867679999850224675e-06 2.270500001031905203e-06
8.303013922029998639e+01 -4.272999940440059022e-08 -5.090329999802634310e-06 1.531979998981114428e-06 -1.000969999586232077e-06 1.031480000528972574e-06 -1.531980000436306020e-06 -8.972099996753968825e-07 3.759770000760909181e-06 -2.032460000191349590e-06 -2.069109999865759337e-06 -6.591700002900324381e-07 -1.037600000563543329e-06 -1.000007614493370104e-11 7.629600004293024472e-07 -4.260259999136905885e-06 2.331540000159293312e-06 -4.028399998787790761e-07 -3.424070001346990314e-06 2.990729999146424140e-06
8.403013922029998639e+01 1.000959999510087139e-06 -9.399399976246059337e-07 -7.324200007133186221e-07 -4.138159999274648622e-06 2.404759998898953302e-06 1.135260000592097539e-06 -2.270500001031905203e-06 1.806639999267645186e-06 -2.136240000254474767e-06 2.075200027320533883e-07 1.953199971467256614e-07 -4.540999999153428068e-06 8.666800014907493757e-07 1.269559998763725179e-06 -2.929720000247471057e-06 -5.370800005039200065e-07 3.137199999764561482e-06 -3.137199999764561482e-06 7.324000005610287459e-07
8.503013922029998639e+01 -1.538080000318586898e-06 2.075199998216703632e-07 -1.403819999541156039e-06 -2.539059999980963914e-06 1.940920000197365921e-06 1.342799980193376577e-07 -2.465819998178630864e-06 1.196279999567195773e-06 -7.934599998407066258e-07 -4.028199997264891999e-07 1.928700000280514289e-06 -4.797360001248307784e-06 -1.000979999662377015e-06 1.196299999719485649e-06 -2.197259999229572576e-06 5.371000006562098827e-07 2.062979998299851841e-06 -3.869620000477880634e-06 2.734380000038072335e-06
8.603013922029998639e+01 -2.227770000172313285e-06 -1.648000004934147111e-07 -1.769999988027848223e-07 -8.606000017607584797e-07 1.129150000633671935e-06 -2.825929998653009562e-06 -1.709000018308870488e-07 3.662100003566593110e-07 -1.281700009712949460e-07 -1.605219999328255674e-06 3.301990000181831335e-06 -4.541009999229572795e-06 -1.495360000990331087e-06 -3.295899994554929450e-07 -2.001959999324754031e-06 1.293959998292848480e-06 2.166740001121070325e-06 -4.290770000079646594e-06 3.265379999356810172e-06
8.703013922029998639e+01 -1.330559997586533325e-06 -1.928720000432804165e-06 6.591799989109858901e-07 3.418000007513910724e-07 -1.403819999541156039e-06 -2.124020000337623134e-06 1.928720000432804165e-06 -1.342800009297207092e-07 -5.371200008084997589e-07 -3.063959997962228856e-06 2.258299998356960686e-06 -2.661120000993833017e-06 -1.269539998611435303e-06 -9.277400007704272556e-07 -1.135240000439807875e-06 -7.325999904423951694e-08 3.271500000846572094e-06 -2.795420002075843629e-06 1.196300002629868621e-06
8.803013922029998639e+01 -6.591799989109858901e-07 -3.332519999821670328e-06 4.028399998787790761e-07 9.887599997455253831e-07 -3.198240001802332776e-06 2.685600018594414185e-07 4.236450000025797645e-05 7.324999896809459207e-08 -3.723199988598935353e-07 -4.132090001075994362e-06 3.399670000362675634e-06 -3.839109999535139925e-06 -7.934699999168515639e-07 -9.764999995240941836e-08 -1.709000003756955362e-07 -4.943799998727626916e-07 1.629629998933523913e-06 1.342900010058656209e-07 -4.028400013339705622e-07
8.903013922029998639e+01 -2.801510000426787765e-06 -8.239699993282556366e-07 -9.338399991975165417e-07 2.392580000741873014e-06 -5.596920000971294652e-06 3.863510000519454182e-06 4.330446999811101805e-05 6.713600014336407422e-07 -2.075199998216703632e-07 -4.528799999388866312e-06 4.589839998516253998e-06 -4.199199998402036308e-06 -6.592000019736588443e-07 1.953200000571087129e-07 -2.392599999438971298e-06 1.599159999750554548e-06 -3.418000007513910724e-07 8.666800014907493757e-07 5.371200008084997589e-07
9.003013922029998639e+01 -2.807620001840404962e-06 4.760800016811117552e-07 -9.399400005349889059e-07 1.074219998554326669e-06 -3.674319997662678481e-06 4.528799999388866312e-06 -3.796380001585930768e-06 1.806640002178028158e-06 -1.403800002299249135e-06 -3.662119997898116725e-06 4.724119999445975157e-06 -3.393540001707151321e-06 -1.403819999541156039e-06 -5.248999979812651544e-07 -2.539059999980963914e-06 9.399399976246059337e-07 -4.760799987707287301e-07 1.538100000470876774e-06 1.061999998637475037e-06
9.103013922029998639e+01 -5.737200001021847097e-07 7.403563000116263927e-05 -7.530516999977407585e-05 7.387084999936632552e-05 -7.596435000014025904e-05 7.750244000053499406e-05 -4.339599999366327798e-06 4.064939999079797040e-06 -2.966310000920202767e-06 -3.192139999009668714e-06 3.002930000366177488e-06 -7.640991000080248822e-05 7.446899000060511426e-05 -1.232910000544507024e-06 3.662000090116635276e-08 -2.667230000952258621e-06 -5.676300002960487697e-07 2.459719999751541578e-06 5.981399997835978864e-07
9.203013922029998639e+01 -1.232920000620651962e-06 2.550293000007513872e-04 -2.537353499996243306e-04 2.520019499992486077e-04 -2.547668400002294420e-04 2.551696800001082197e-04 -3.332519999821670328e-06 2.258300001267343870e-06 -1.855480001540854511e-06 -2.075179998064413597e-06 1.745599997229874104e-06 -2.546752999987802633e-04 2.542724599989014856e-04 -1.403799999388866162e-06 -4.028399998787790761e-07 -4.467760000261477779e-06 4.028199997264891999e-07 1.599120002356357768e-06 1.928719997522420981e-06
9.303013922029998639e+01 6.714000017382204946e-07 2.108642400009557740e-04 -2.101318000000901645e-04 2.096679599984781694e-04 -2.125976799987256468e-04 2.125244399998337007e-04 -3.930679999757557773e-06 2.136240000254474767e-06 -8.667200017953291281e-07 -2.929679999942891304e-06 3.332519999821670328e-06 -2.128662000002805017e-04 2.099975599994650011e-04 4.339599000231828365e-05 -4.306639000133145873e-05 -4.467800000566057532e-06 -2.685599989490583404e-07 2.465840001241303924e-06 -3.582765000028303006e-05
9.403013922029998639e+01 -3.906400001142174259e-07 2.629395000112708496e-05 -2.583007000212091952e-05 2.573852000205079113e-05 -2.820434000022942368e-05 2.647093999839853550e-05 -2.239989998633973326e-06 3.503420000197365784e-06 -1.202390000980812969e-06 -4.296880000038072199e-06 3.833009999652859047e-06 -2.847290999779943256e-05 2.546997999888844921e-05 2.675354000006336958e-04 -2.666687000004458073e-04 -4.162599999108351886e-06 6.652799987932666623e-07 1.733400000375695532e-06 -2.777100000093923985e-05
9.503013922029998639e+01 -2.032469998812303148e-06 1.403799993568099953e-07 -1.367200000095181106e-06 6.347799993818625896e-07 -1.702879999356810097e-06 4.333499993663281399e-07 -1.733400000375695532e-06 3.100580000318586761e-06 2.990700013469904822e-07 -6.933590001426637400e-06 3.698730000178329480e-06 -1.269529999990481957e-06 -1.434330000483896536e-06 2.544677700017928244e-04 -2.521972600006847846e-04 -5.102539999643340792e-06 2.673339999455493057e-06 -6.042499997420235967e-07 1.397699999506585284e-06
9.603013922029998639e+01 -2.685599989490583404e-07 -6.104000203777104203e-08 -9.399399976246059337e-07 -7.324200007133186221e-07 -2.001959999324754031e-06 1.599119999445974796e-06 -2.600080001866444907e-06 3.076160000637173796e-06 1.196299999719485649e-06 -6.530759998713620343e-06 3.259260000777431009e-06 -1.733400000375695532e-06 -9.277200006181373794e-07 2.760008999903220680e-05 -2.680662999919150081e-05 -3.466800000751391063e-06 2.673340000910684649e-06 -5.371200008084997589e-07 7.324200007133186221e-07
9.703013922029998639e+01 -7.323999889194965396e-08 -1.196299999719485649e-06 -1.953000028152018883e-07 -2.136219997191801707e-06 -5.371200008084997589e-07 2.868639997905120434e-06 3.713380000117467896e-05 1.165780000155791594e-06 3.900129999965428904e-06 -4.364010000426787628e-06 7.019100012257695054e-07 7.019099997705780193e-07 -1.873799999884795430e-06 -3.301980000105686608e-06 4.034409999439958471e-06 -3.527829999802634023e-06 1.562500000000000075e-06 -1.995850000821519595e-06 2.166750001197215052e-06
9.803013922029997218e+01 5.676300002960487697e-07 -5.004899998311885077e-07 -2.038570000149775194e-06 -3.967299999203533129e-07 -3.051999956369400185e-08 1.361089998681563909e-06 -3.549805999791715488e-05 2.136239997344091583e-06 3.137200002674944666e-06 -3.808580001350492101e-06 -4.286500000016531074e-05 -6.652800002484582542e-07 -5.004899998311885077e-07 -3.607180000108201085e-06 2.502440000534988769e-06 -6.652800002484582542e-07 4.699800003436393910e-07 -3.601080000225920207e-06 4.235839999455492920e-06
9.903013922029997218e+01 -1.562500000000000075e-06 1.733390000299550594e-06 -2.770990000863093922e-06 -1.300050001009367392e-06 1.635740001802332701e-06 1.635740000347141109e-06 -1.166788333357544636e-05 5.893963332346174949e-06 4.809569999633822674e-06 -4.370119998930022488e-06 -1.653442000097129624e-05 1.269520001369528399e-06 -8.056599996052682761e-07 -4.528800002299249496e-06 3.735340002458542659e-06 -2.868640000815503195e-06 1.928700000280514289e-06 -3.796380001585930768e-06 3.930659999605268320e-06
1.000301392202999722e+02 6.506958000099984769e-05 -6.397095000138506606e-05 -1.904279999143909732e-06 6.353757999895606062e-05 1.709000003756955362e-07 -6.187133000057656559e-05 7.923786999988350959e-05 -8.393146999976579768e-05 1.330550000420771570e-06 -3.869620000477880634e-06 6.646729000058257473e-05 -6.640015000011771542e-05 1.300039999478030862e-06 6.323242000071331961e-05 -6.622923999966588498e-05 6.652899988694116004e-07 -9.704700001748278988e-07 6.323242000071331961e-05 1.940930000273510648e-06
1.010301392202999722e+02 2.969970599981024769e-04 -2.966064399981405554e-04 -1.062000001547858221e-06 2.907348800014005917e-04 -1.342800009297207092e-07 -2.885986399982357130e-04 -2.941899999859742937e-06 4.500732999877072541e-05 -4.645997000043280365e-05 4.288941000122576888e-05 2.509704500000225331e-04 -2.520996100021875288e-04 1.464860000123735528e-06 6.076658000092720346e-05 -6.159667000029002805e-05 -6.042399982106871725e-07 -7.385300021269358185e-07 2.478027300006942625e-04 3.271480000694282218e-06
1.020301392202999722e+02 2.260314899991499162e-04 -2.258728099986910944e-04 -5.615200003376230594e-07 2.197998099989490590e-04 2.353517000155989165e-05 -2.442016700020758352e-04 -5.371199993533082728e-07 3.940430999937234740e-05 -4.133300999819766925e-05 3.826905000023544040e-05 1.864257699984591364e-04 -1.864990300004137653e-04 -1.952999999048188367e-07 -5.371199978981166809e-07 1.403819999541156039e-06 -3.796400001738220644e-06 0.000000000000000000e+00 1.852661199998692650e-04 1.660160000028554286e-06
1.030301392202999722e+02 3.466800000751391063e-06 -1.342780000413767929e-06 -2.465820001089014048e-06 -2.990719999070279414e-06 1.634643600002163970e-04 -1.614013600017642476e-04 5.981400026939809644e-07 -2.258300001267343870e-06 -7.323999889194965396e-08 -2.685600018594414185e-07 9.277400007704272556e-07 -1.989759999560192275e-06 -3.295800008345395460e-07 -1.135260000592097539e-06 3.259280000929720885e-06 -6.933599998592398943e-06 1.867679998395033083e-06 1.269540001521818275e-06 1.538079997408203714e-06
1.040301392202999722e+02 3.466800000751391063e-06 -1.837170000362675559e-06 -1.330559999041724917e-06 -1.696770000853575661e-06 -1.635750000423286047e-06 7.385265000630169990e-06 -7.086184999207034676e-06 1.037589999032206798e-06 1.062019998789764913e-06 -3.765869999187998468e-06 3.265379999356810172e-06 -2.032469998812303148e-06 -2.197269999305717726e-06 -2.685500003281049413e-07 2.166739999665878733e-06 -5.566399999952409217e-06 5.676200002199039375e-07 5.029299999296199758e-06 -2.264409999770577882e-06
1.050301392202999722e+02 -6.591799989109858901e-07 -2.807619998930022201e-06 3.540039999643340506e-06 3.963012999884085979e-05 -3.729249999742023746e-06 6.896970000525471087e-06 -4.766850000305567075e-06 2.166759999818168610e-06 1.928710000356659439e-06 -6.329350000305566938e-06 5.627430000458843769e-06 -2.691640000557526860e-06 -1.568620000034570617e-06 -3.765849999035708591e-06 1.000969999586232077e-06 -2.972410000802483222e-06 1.666269999986980102e-06 6.506340000487398123e-06 -5.175780001445673418e-06
1.060301392202999722e+02 -1.165780000155791594e-06 -1.464829999895300714e-06 1.965319999726489010e-06 3.830567000113660247e-05 -2.270520001184195079e-06 3.601079998770728615e-06 -3.295999980764463441e-07 -2.270500001031905203e-06 2.600099999108351600e-06 -4.797359998337924600e-06 3.930659999605268320e-06 -1.733400000375695532e-06 -2.465820001089014048e-06 -3.271479997783899458e-06 1.403799999388866162e-06 -2.433470999967539663e-05 2.233277000050293290e-05 -1.326295000180834906e-05 -7.507330000225920288e-06
1.070301392202999722e+02 1.625000100000761449e-04 -1.403819999541156039e-06 -1.641967799994745398e-04 -2.227780000248458435e-06 1.636901999998371937e-04 -1.628662200004328108e-04 1.651367200014646982e-04 -2.526860000216402157e-06 -1.200866600003791935e-04 1.188171399990096700e-04 -1.592041199997765838e-04 1.631958200014196425e-04 -4.333500002394430104e-06 -2.868659998057410311e-06 1.013179999426938560e-06 -2.040649400005349872e-04 2.015258800005540136e-04 -1.927368200005730506e-04 -8.325179998064414320e-06
1.080301392202999722e+02 2.457336400009808007e-04 -2.496339999197516722e-06 -3.981262200002675181e-04 1.503600999989430356e-04 2.449951200003851930e-04 -2.431396399988443573e-04 2.452392599996528443e-04 1.647899989620782340e-07 -5.442911666566487781e-05 5.256754666577308064e-05 -2.426635800002259111e-04 2.441650400010985343e-04 -5.401610000990331380e-06 -1.668396499953814929e-05 1.681214500058558873e-05 -2.466919100013910816e-04 2.449890200005029172e-04 -2.411315799996373267e-04 -7.398275999973976075e-05
1.090301392202999722e+02 2.519653299998026483e-04 -1.737304700000095114e-04 -1.325469999996130245e-04 5.054627000063191924e-05 8.020018999959575281e-05 -7.980346999975154200e-05 7.890015000011772110e-05 2.032470000267494316e-06 -7.324100006371736840e-07 -2.929690000019036031e-06 -7.863769999967190106e-05 2.487670800008345146e-04 -1.733337300000130094e-04 -2.319400009582750525e-07 1.713684099988313297e-04 -2.517394999988027877e-04 7.996826000016880550e-05 -7.686156999989180415e-05 -1.403809999465011101e-06
1.100301392202999722e+02 2.595825000025797746e-05 -2.556763000029604923e-05 -1.989739999407902399e-06 -2.734380000038072335e-06 5.249000008916482324e-07 7.323999889194965396e-08 -8.056599996052682761e-07 1.940920000197365921e-06 -1.464800006942823595e-07 -4.394539998611435453e-06 2.197259999229572576e-06 2.227172999992035277e-05 -2.273558999877423045e-05 -4.199220001464709791e-06 2.456665000063367179e-05 -2.516479000041726809e-05 2.929679999942891304e-06 1.342800009297207092e-07 -1.000979999662377015e-06
1.110301392202999722e+02 1.165769998624455276e-06 -1.202389999525621589e-06 -3.967299999203533129e-07 -3.637689999595750202e-06 -1.647900004172697730e-07 2.899160000379197461e-06 -3.027339999971445727e-06 1.824950000445824138e-06 -1.165770001534838248e-06 -3.094479998981114291e-06 2.795399999013170569e-06 -1.727279998885933397e-06 1.098629999614786288e-06 -4.437260000850074236e-06 2.032460000191349590e-06 -1.361080000060610563e-06 2.630620001582428627e-06 -2.368160001060459625e-06 2.319299994269386018e-07
1.120301392202999722e+02 1.464840001426637244e-06 -3.002920001745223931e-06 1.464840001426637244e-06 -4.528799999388866312e-06 -1.135260000592097539e-06 3.930659999605268320e-06 -3.125000000000000150e-06 1.123040000675246119e-06 -5.859199998667463599e-07 -2.136240000254474767e-06 1.867679998395033083e-06 -3.002939998987130623e-06 2.404799999203533054e-06 -4.870620000292546679e-06 3.930660002515651504e-06 -4.003900001407600946e-06 3.332519999821670328e-06 -2.258299998356960686e-06 1.000979999662377015e-06
1.130301392202999722e+02 1.000007614493370104e-11 -2.331549998780246870e-06 5.615199988824315733e-07 -2.563469999586232152e-06 -2.502449999155942327e-06 3.070079999451991202e-06 -2.032480000343639466e-06 -2.075199999671895065e-06 2.307139999174978631e-06 -1.202399999601766527e-06 -7.995499996468424599e-07 -1.300060001085512330e-06 1.568610001413617271e-06 -2.966319999541155902e-06 1.702889999432955035e-06 -3.002930000366177488e-06 3.601070000149775481e-06 -1.770019999821670253e-06 4.699799988884479050e-07
1.140301392202999722e+02 -1.538080000318586898e-06 -6.591799989109858901e-07 -2.136240000254474767e-06 -1.464840001426637244e-06 -1.599119999445974796e-06 2.136220000102184890e-06 -3.210439998656511348e-06 -1.794440002413466613e-06 3.198240001802332776e-06 -2.258300001267343870e-06 7.324200007133186221e-07 2.563599991844966902e-07 -7.934599998407066258e-07 -1.672359998337924450e-06 8.056599996052682761e-07 -1.794439999503083430e-06 3.125000000000000150e-06 -2.136220000102184890e-06 5.370999977458268047e-07
1.150301392202999722e+02 -6.712999893352389073e-08 -2.685599989490583404e-07 -3.100570001697633627e-06 -9.338499992736614798e-07 1.000007614493370104e-11 1.232899999013170706e-06 -3.997810000146273202e-06 -6.347599992295727134e-07 1.831069999025203300e-06 -1.892089999455492914e-06 9.643400000641122064e-07 -6.089999806135892814e-09 -1.959229999920353282e-06 -4.394500007038004511e-07 9.704600015538745526e-07 -2.331560000311583188e-06 2.728280000155791457e-06 -9.338300005765631956e-07 -2.624600005219690543e-07
1.160301392202999722e+02 1.104739999573212104e-06 -1.428219999070279339e-06 -3.741460001037921821e-06 2.136230000178329617e-06 -7.995599997229873980e-07 9.277300006942823175e-07 -4.193110001506284187e-06 -1.037699999869801065e-07 2.368179999757557910e-06 -3.295909998996648741e-06 1.763920001394580967e-06 -5.371100021875463069e-07 -9.643499986850655525e-07 -1.434330000483896536e-06 -7.324300007894635602e-07 -1.342699993983842321e-07 1.336670000455342325e-06 2.685599989490583404e-07 -8.728100001462734761e-07
1.170301392202999722e+02 -7.934499997645616877e-07 2.686155999836046374e-05 -2.973021999932825554e-05 1.953099999809637748e-07 -9.033199996338225928e-07 3.184204999852226751e-05 -3.256835999927716445e-05 -2.172859999700449488e-06 3.002930000366177488e-06 2.667237000132445144e-05 -2.813721000129589900e-05 -2.563479999662376879e-06 1.928709998901467847e-06 -1.837149998755194302e-06 -6.958099998882971413e-07 2.736205999826779464e-05 -2.459105999878374843e-05 2.680054000084055625e-05 -1.867680001305416267e-06
1.180301392202999722e+02 2.734359999885782459e-06 1.610290600016014582e-04 -1.633606000017607672e-04 -2.673339998000301465e-06 -6.104000203777104203e-08 1.647644100012257565e-04 -1.660949699988122964e-04 -3.076180000789463673e-06 3.674320000573061241e-06 1.638000599981751263e-04 -1.642028800008120046e-04 -3.002939998987130623e-06 7.324200007133186221e-07 7.324200007133186221e-07 5.371199978981166809e-07 1.588684100002865402e-04 -1.565979099992546256e-04 1.597656300000380853e-04 -5.310000007739291105e-07
1.190301392202999722e+02 3.259280000929720885e-06 -5.981399997835978864e-07 -4.394540001521818637e-06 -1.733400000375695532e-06 2.392580002197064606e-06 -2.270500001031905203e-06 -5.249000008916482324e-07 -2.331560000311583188e-06 2.929700000095181181e-06 1.867680001305416267e-06 -1.794439999503083430e-06 -3.210460001719184408e-06 4.074098000128287581e-05 -4.039918000053148575e-05 4.222413000097730988e-05 -4.576417000062065420e-05 4.459839000046486091e-05 -4.099731000169412891e-05 -6.103999912738800371e-08
1.200301392202999722e+02 2.186035100006847710e-04 7.751499993901233634e-07 -3.570569998555583702e-06 -2.233398400014266494e-04 3.198250000423285910e-06 7.324000034714117974e-08 -3.674320000573061241e-06 -2.258299995446577767e-07 3.662109999277163167e-06 2.199340799998026252e-04 -2.209655700004077637e-04 2.194335899999714568e-04 3.832396999932825436e-05 -2.624572699976851910e-04 2.632019099983153791e-04 -2.653991799990762838e-04 2.621276800011401059e-04 -2.590331900006276290e-04 -1.068120001582428764e-06
1.210301392202999722e+02 2.465271099994424632e-04 -3.296000009868294222e-07 -1.806639999267645186e-06 -2.511596700001973432e-04 2.569580000999849349e-06 2.990699998917989432e-07 -4.602049999812152073e-06 5.981499998597428245e-07 3.698729998723138311e-06 2.472656300000380708e-04 -2.499694899990572848e-04 2.503723099987837579e-04 -2.075179998064413597e-06 -2.497924900017096548e-04 2.497314499996719094e-04 -2.551635799987707278e-04 2.526977600005921054e-04 -2.483032300006016374e-04 2.014099998632446000e-07
1.220301392202999722e+02 2.493286000099033094e-05 -2.502430000458844043e-06 2.685500003281049413e-07 -2.836304000084055696e-05 2.197260002139955760e-06 -7.934399996884167496e-07 -2.734380000038072335e-06 4.638599988538772036e-07 1.000979999662377015e-06 2.636719000001903779e-05 -2.756346999958623039e-05 2.609251999965636146e-05 2.014199999393895381e-07 -2.656249999854480947e-05 2.719725999922957123e-05 -3.300782000005711105e-05 3.057251999853178746e-05 -2.589721999829635047e-05 6.103999912738800371e-08
1.230301392202999722e+02 -1.000979999662377015e-06 -5.871579999802633818e-06 1.733399997465312560e-06 -2.526859997306018974e-06 3.588879999006166859e-06 -7.202200009487569718e-07 -3.002939998987130623e-06 4.279785999970045143e-05 -4.180907999980263236e-05 -2.563599991844966902e-07 4.299927999963984031e-05 1.168007999851852293e-05 -1.384683999979188271e-05 1.269550000142771833e-06 -1.239029999123886186e-06 -3.906250000000000081e-06 2.905289999034721350e-06 1.898180000716820446e-06 -2.697750000515952888e-06
1.240301392202999722e+02 2.435289999993983463e-06 -6.469699999433942357e-06 8.666800000355578896e-07 -3.063950000796466890e-06 2.563470001041423321e-06 -1.648000004934147111e-07 -1.733390000299550594e-06 -2.706909999978961539e-05 2.693481000023894024e-05 1.470960000006016407e-06 -2.526857000048039496e-05 -1.417845999967539710e-05 1.157836000056704423e-05 -5.981399997835978864e-07 1.867679998395033083e-06 -4.541019999305717521e-06 2.465820001089014048e-06 -1.062000001547858221e-06 -3.499349999863170599e-05
1.250301392202999722e+02 6.466673999966588088e-05 -4.431150000891648631e-06 -6.703492000087862954e-05 1.000153133645653757e-11 1.031490000605117512e-06 -4.638600017642602287e-07 6.516723000095226543e-05 -3.100580000318586761e-06 -6.300049999990733559e-05 6.593017999985023071e-05 7.690399987041018571e-07 -6.846312999987276267e-05 -9.765999857336283069e-08 2.990699998917989432e-07 6.373292000062065390e-05 -1.568609999958425679e-06 9.338399991975165417e-07 -6.593627999973250651e-05 -1.666258999903220522e-05
1.260301392202999722e+02 3.102355900002294045e-04 -1.873352000009617636e-04 -1.296325699993758460e-04 9.766000002855435647e-08 6.326903999870410358e-05 -6.444090999866603387e-05 3.131103399980929552e-04 -1.863403299983474497e-04 -1.274291900001117022e-04 1.290344099994399551e-04 1.883972299998276743e-04 -3.186340299987932569e-04 1.202389998070429997e-06 -1.770029998442623811e-06 3.125366299995221454e-04 -1.889404400004423212e-04 2.008060000662226077e-06 -1.271057100006146401e-04 1.403810000920202481e-06
1.270301392202999722e+02 2.459399359996268498e-04 -1.730761760013365324e-04 -7.766723999811801825e-05 2.001960000779945199e-06 5.787352999905124467e-05 -6.150512000021989966e-05 2.481030219999865827e-04 -1.849377419997381359e-04 -6.362915000063366921e-05 6.169434000039473694e-05 1.909790039993822621e-04 -2.525756939998245677e-04 -2.734369999961927609e-06 -9.764999995240941836e-08 2.486596620007275977e-04 -1.895654220008964315e-04 5.371100007323548208e-07 -6.043091000028653269e-05 1.300039999478030862e-06
1.280301392202999580e+02 -1.233764799981145171e-04 8.320311999850673278e-05 3.603516000002855593e-05 -2.075199998216703632e-07 -1.586919999681413252e-06 -2.685600018594414185e-07 6.104000203777104203e-08 2.734400000190362212e-06 -3.332519999821670328e-06 1.135240000439807875e-06 1.660159998573362906e-06 -3.527839999878779173e-06 -1.733400000375695532e-06 2.685599989490583404e-07 1.269520001369528399e-06 -3.405759998713620193e-06 1.000999999814666892e-06 1.464839998516254060e-06 4.638400016119703525e-07
1.290301392202999580e+02 -3.560791333147790468e-05 3.280029333254787867e-05 -2.270500001031905203e-06 8.667000016430392519e-07 -1.953200000571087129e-07 -1.464840001426637244e-06 -4.638799990061670798e-07 4.333499999484046920e-06 -4.333499999484046920e-06 1.464859998668543936e-06 1.000960002420470111e-06 -5.468739999923855218e-06 1.525879997643642170e-06 -2.563599991844966902e-07 1.123060000827535995e-06 -3.198240001802332776e-06 1.135240000439807875e-06 1.538100000470876774e-06 -4.638799990061670798e-07
1.300301392202999580e+02 1.330559999041724917e-06 -2.899170000455342188e-06 -8.666999987326562798e-07 -3.052000101888552102e-08 -1.647899989620782340e-07 -1.171869999961927534e-06 -1.330570000573061447e-06 4.235840000910684512e-06 -4.235840000910684512e-06 2.130120000219904012e-06 -7.263100007548928059e-07 -5.310059998009819802e-06 1.904299999296199608e-06 -2.990800014231354203e-07 5.981500013149343106e-07 -2.130130000296048739e-06 1.666259999910835164e-06 1.000979999662377015e-06 -9.704700001748278988e-07
