# r	vx_0	vx_1	vx_2	vx_3	vx_4	vx_5	vx_6	vx_7	vx_8	vx_9	vx_10	vx_11	vx_12	vx_13	vx_14	vx_15	vx_16	vx_17	vx_18	
2.030139220299999714e+00 1.624778230000003968e-03 1.431279999997059355e-06 -2.559967100000051115e-04 2.528961300000048601e-04 6.347599999969588350e-07 -1.632700000016029624e-07 -4.223479999999995009e-05 -3.134159999990515509e-06 -2.082672000000059128e-04 2.037323000000014917e-04 2.667220000000725249e-06 -2.094665399999996616e-04 2.067352199999959413e-04 1.663220000000365005e-06 -2.095306400000026821e-04 -1.934819999996762015e-06 2.050689600000055244e-04 -2.086669800000095121e-04 2.092651400000079343e-04
3.030139220299999714e+00 1.329295339999998727e-03 9.338400000160618652e-07 -2.653045000000702299e-05 2.366181000001006448e-05 1.400739999996858389e-06 1.269539999987046032e-06 -6.652799999926628804e-07 -3.268440000010741817e-06 -2.470092999999451259e-05 2.090149000001133569e-05 1.864639999985229174e-06 -2.559662999999545678e-05 2.373199000000454528e-05 2.130139999985658450e-06 -2.673187999998276722e-05 -1.898200000005090341e-06 2.216950000000110632e-05 -2.286987000000522175e-05 2.340087000001176304e-05
4.030139220299998826e+00 1.331895450000024480e-03 -2.096540000002278100e-06 1.800539999987904583e-06 -1.934839999978521712e-06 -1.303080000013778836e-06 1.168819999986681102e-06 -9.338499999785199469e-07 -6.652900000062800581e-07 -2.232350000008409662e-06 -3.636169999992944250e-06 4.202270000001817734e-06 -2.635200000003124055e-06 1.358200000026954520e-07 2.864069999998264267e-06 -4.434200000002874659e-06 -1.567079999995257754e-06 3.036399999928107925e-07 -2.233880000005683369e-06 1.130670000009104174e-06
5.030139220299998826e+00 1.368164070000011702e-03 -3.930660000014541088e-06 2.397150000024339487e-06 -2.029420000008030849e-06 -9.368900000026769620e-07 1.327499999888459468e-07 -1.100159999987226981e-06 1.170349999983955020e-06 -3.633109999987027537e-06 -2.470399999992878245e-06 3.036500000007436168e-06 -2.767950000020391795e-06 1.332090000005337008e-06 1.069649999999455781e-06 -2.836610000008477040e-06 -2.465829999982815976e-06 5.340599999954064931e-07 -1.667780000002494534e-06 -3.356999999368781337e-08
6.030139220299998826e+00 1.194704904000008089e-03 -5.230729999993854922e-06 2.697760000000926215e-06 -7.980400000178633602e-07 -1.269520000005286334e-06 1.766960000009021259e-06 -2.166739999984201762e-06 -3.631700000141791087e-07 -1.434319999998479042e-06 -3.002930000002379379e-06 -1.297000000022307970e-07 -4.028299999845330341e-07 1.400759999978618087e-06 5.355799999961163362e-07 -5.035399999997025536e-07 -3.533940000011171093e-06 -8.987399999796252706e-07 3.357000002779386631e-08 -8.010900000272158919e-07
7.030139220299998826e+00 9.394988999999895557e-04 -5.596930000001520554e-06 1.797489999989920821e-06 -3.648369999973510843e-06 1.313789999994696687e-06 1.667780000025231863e-06 -1.133740000022953626e-06 -5.310100000087913963e-07 -1.232899999990877331e-06 -4.969789999995555176e-06 2.435299999979179297e-06 -2.014099999996687852e-07 -1.632689999996728114e-06 2.700800000025083230e-06 -1.235960000008162709e-06 -2.833559999999124614e-06 -1.364130000024488331e-06 3.005999999686537244e-07 -8.346599999640602705e-07
8.030139220299998826e+00 5.019317520000016056e-04 -2.532960000007733296e-06 2.600100000017846451e-06 7.838440000000445999e-05 -8.272093999999015292e-05 1.870719999988068547e-06 -7.324199999857228261e-07 -2.600100000017846451e-06 1.199339999948279048e-06 -5.068959999971411621e-06 2.069080000001122421e-06 1.132200000029115421e-06 -3.131100000064179659e-06 3.463740000006510102e-06 -8.667000000059488168e-07 -3.335559999959514411e-06 -1.864620000014838353e-06 8.026000000427302185e-07 1.062019999972108135e-06
9.030139220299998826e+00 1.212677200000143783e-04 -1.133740000022953626e-06 1.357999999981984784e-07 -7.926426666671204996e-06 5.788666666666131428e-06 3.036600000086764305e-07 -4.333400000177789448e-07 -2.536030000010214296e-06 5.676400000538705735e-07 -2.767960000028324535e-06 1.301589999957286561e-06 6.347700000333134475e-07 -3.266919999987294222e-06 2.499390000002676931e-06 -1.635750000014013491e-06 -1.699819999976170988e-06 -1.498410000021976887e-06 3.661999999167164750e-08 2.127079999991110613e-06
1.003013922029999883e+01 4.456733700000540871e-04 -5.523649999986446248e-07 -1.557807850000244860e-04 1.853332000000591461e-05 1.371986350000270309e-04 1.198579999982030120e-06 -1.483920000009675250e-06 -2.983849999964149993e-06 -4.158100000267950029e-07 -8.651699999745687994e-07 9.139949999962481995e-07 -5.353062333330740544e-05 5.339787333331855607e-05 -1.992011999999931623e-04 1.956207299999732584e-04 -1.992813099999693710e-04 1.972961399999803751e-04 -1.985672000000249758e-04 1.993850750000319852e-04
1.103013922029999883e+01 8.011703500000294216e-04 -1.698310000028868754e-06 -4.187815199999931660e-04 1.147471099999165692e-04 3.042999200000849657e-04 2.746000000115600382e-08 3.356999991410702980e-08 -1.995839999881354676e-06 -2.297980000093957700e-06 -6.347599999116937456e-07 1.467889999912586091e-06 -1.673879999952987399e-06 3.334029999950871405e-06 -3.609329199999592504e-04 3.559723100000155931e-04 -3.594986100000369523e-04 3.585586599999714824e-04 -3.587295599999834107e-04 3.563690200000110223e-04
1.203013922029999883e+01 7.419692999998915572e-04 2.166750000014872254e-06 -2.363998299999366299e-04 -1.100160000078176296e-06 2.368347100000392058e-04 -7.690399999773945001e-07 1.165779999973892751e-06 -3.697209999972983677e-06 -1.235960000030900038e-06 -2.098089999981311928e-06 3.233329999966372377e-06 -3.701769999952375453e-06 4.367069999989326215e-06 -2.360015999999632121e-04 2.315353399999367046e-04 -2.362975999999434782e-04 2.347961299999042127e-04 -2.351303099999313309e-04 2.342987199999697727e-04
1.303013922029999705e+01 7.235015799999927871e-04 3.099070000007486629e-06 -2.430729999923641947e-06 -1.799010000104317521e-06 1.565550000032089830e-06 -6.561000000147032003e-08 1.533510000081150705e-06 -2.436830000078771196e-06 -6.668099999842524664e-07 -3.396609999981592358e-06 1.795959999981278027e-06 -3.063969999948312600e-06 3.067019999889453039e-06 -2.771682499997041183e-05 2.408370500006640214e-05 -1.133730000037758216e-06 6.714000001011299536e-08 -2.333070000076986579e-06 1.599119999991671749e-06
1.403013922029999705e+01 7.367035000000214315e-04 1.797479999913775883e-06 -2.661139999872830356e-06 1.263440000002446962e-06 -9.338400001070112867e-07 -2.462759999980334977e-06 3.399639999952341976e-06 -2.337639999859675135e-06 -1.467900000170629872e-06 -2.062979999936942488e-06 1.596059999974386372e-06 -2.194199999939883207e-06 2.334580000024289025e-06 -6.713799999488400774e-07 -2.532960000098683036e-06 6.713999991916353410e-08 1.004020000073069257e-06 -6.268300000010640196e-06 1.797480000095674726e-06
1.503013922029999705e+01 9.135330199999771618e-04 -1.558013900000332797e-04 7.323999998334329499e-08 1.556289699999979347e-04 -1.584976299998743280e-04 2.685599998585530325e-07 7.995600000867852960e-07 -1.138300000093295142e-06 1.132200000029115421e-06 -4.730219999873952777e-06 9.979200000088895363e-07 -1.394660000005387681e-06 3.134159999899566193e-06 -1.736440000058791978e-06 -5.340599998817197427e-07 -1.000980000026174913e-06 -8.636399999886634397e-07 -2.597059999970952106e-06 3.967399999964982510e-07
1.603013922029999705e+01 8.348602300000493737e-04 -2.386627000005319039e-05 -2.238601699999890086e-04 2.474609400000190315e-04 -2.649689999998372378e-05 -2.332636400000410472e-04 1.106669000000692831e-05 2.214599599999928523e-04 -2.214324900000065024e-04 2.167678799999521195e-04 1.130670000020472838e-06 -2.221923799999785760e-04 2.252990699999827379e-04 -2.242385800000192887e-04 -2.500919999965844856e-06 -1.766970000062428869e-06 2.212402300000576442e-04 -2.210327100000540775e-04 5.951000000095519129e-07
1.703013922029999705e+01 7.627624400000058849e-04 1.663199999711650891e-07 -2.550613399999747378e-04 2.541610699999182778e-04 -2.654899999470217192e-07 -2.573013399999581280e-04 3.671260000010079335e-06 1.349283933332117108e-04 -1.389994333332651873e-04 1.355814600000201052e-04 1.158513400000003889e-04 -2.529586800000288463e-04 2.572311500000068994e-04 -2.563705500000651449e-04 -2.334599999994679846e-06 -2.334599999994679846e-06 1.359151266667424861e-04 -1.361073866666004069e-04 1.660159999846655443e-06
1.803013922029999705e+01 6.246948199999678491e-04 1.499940000030619470e-06 -2.352833999999972940e-04 2.323842299999966988e-04 -5.727538333330812613e-05 -1.793569000000104529e-04 1.122029633332829296e-04 -2.268980000008013864e-06 -9.338400000160618652e-07 -9.963999999854423643e-07 6.646119666668823744e-05 -6.836089666660995613e-05 7.021025000000804769e-05 -6.861419000003365475e-05 -1.115656566666700623e-04 1.080988466666610775e-04 -1.678399999946122876e-07 -1.100845266667420223e-04 1.094192466667664163e-04
1.903013922029999705e+01 5.346969599999283791e-04 3.005999999913911063e-07 -2.521362399999816121e-04 2.506027299999914423e-04 -4.493254999997589068e-05 -2.076660200000333002e-04 2.117279000000053086e-04 -4.129020000073069619e-06 -6.713999991916353410e-08 -3.201300000000628663e-06 1.342800000202259907e-07 -1.803599999948346426e-06 7.333379999909083969e-06 -4.061879999972006726e-06 -2.131347799999275716e-04 2.104675399999905402e-04 -3.326400001242291271e-07 -2.985493933332691169e-04 2.981496133332257274e-04
2.003013922029999705e+01 3.026336699998864775e-04 2.200320000156352593e-06 -1.855026300000645273e-04 1.843673700000181238e-04 -4.461659999833500160e-06 -2.159200000001249063e-04 2.185140000000785796e-04 -1.727300000129616756e-06 -5.371199998990050139e-07 -2.535999999963678325e-06 3.039999864995479422e-09 -2.935780000007071237e-06 7.131960000151593724e-06 -4.193120000127237321e-06 -1.859695499999361326e-04 1.834365900000193639e-04 -9.368799999720067876e-07 -1.563354600000820926e-04 1.567382799999904948e-04
2.103013922029999705e+01 2.375671200001306792e-04 2.365119999922171799e-06 -5.996599999889440074e-07 -1.199360000009619397e-06 -3.030390000094484798e-06 -2.641732659999263292e-04 2.656701560000158252e-04 -6.407999999282765793e-08 -1.669320000019070068e-06 6.332400000246707589e-07 -1.966859999993175798e-06 -3.399659999922732798e-06 4.766859999836015060e-06 -2.896119999968505008e-06 -1.333619999968504933e-06 -1.333620000059454460e-06 9.766000002855435647e-08 5.966200000329990849e-07 -9.613100000024132730e-07
2.203013922029999705e+01 2.519683900000018405e-04 -8.026199997402727751e-07 4.699799999798415460e-07 -1.269540000066626895e-06 -1.931759999934001768e-06 -2.838012800002616127e-04 2.852020399999673933e-04 1.464840000153344495e-06 -3.201300000000628663e-06 2.935799999977462059e-06 -3.866579999885288702e-06 -3.332520000185468437e-06 3.533940000124857737e-06 -2.136240000072575712e-06 -3.326399999423301781e-07 -1.599119999991671749e-06 5.309999998644343655e-07 -3.396599999905447632e-06 1.330559999951219556e-06
2.303013922029999705e+01 1.226654199999757081e-04 -4.893189999984315478e-05 -9.017800002766307621e-07 6.011900000885362234e-07 -2.935789999901316909e-06 -5.706482000005052814e-05 5.866850999991584200e-05 2.595529999962309524e-06 -4.164119999768445115e-06 1.133719999779714223e-06 -3.166189999865309907e-06 -2.767950000088603782e-06 5.534360000092419408e-06 -3.337100000135251459e-06 -3.997799998614936990e-07 -1.100160000078176296e-06 -1.196280000021943198e-06 -2.766419999898062145e-06 2.862539999841828835e-06
2.403013922029999705e+01 2.500909999798750390e-06 3.603363000001991081e-05 -1.400759999887668560e-06 2.133179999873391492e-06 -2.935779999825172183e-06 8.697400000528432668e-07 -1.333620000150403988e-06 3.396620000057737508e-06 -5.062879999968572249e-06 0.000000000000000000e+00 -1.068099999974947507e-06 -2.667239999937009866e-06 6.066899999859742663e-06 -2.334600000176578901e-06 -2.532959999734884926e-06 5.310000000463333145e-07 -1.528920000055222745e-06 -1.867680000214022573e-06 3.022918000024219431e-05
2.503013922029999350e+01 8.736723000019992150e-05 -1.133719999961613278e-06 -8.780059000000620052e-05 8.863371999996161874e-05 -1.338200000100187009e-06 1.803590000054100543e-06 -2.500919999874895540e-06 4.959199999575503182e-07 4.288837666663311891e-05 -4.891865666668309467e-05 -1.162719999956607374e-06 2.062989999831188583e-06 3.266910000093048550e-06 -1.203919999898062070e-06 -1.367190000200935223e-06 -1.132200000029115421e-06 -1.327509999828180273e-06 -2.685600000404519815e-07 4.122925000010582323e-05
2.603013922029999350e+01 3.046325600000272999e-04 -1.600629999848024455e-06 -3.047638100000767732e-04 3.058639599999878381e-04 -4.959099998814053801e-07 2.609299999676295717e-07 -1.400750000175321519e-06 1.672350000080769002e-06 -5.020200000217300394e-07 -6.405629999972006944e-06 -1.928710000174760384e-06 2.330020000226795879e-06 9.674200000517886166e-07 9.383999999045045381e-07 -2.365110000027925704e-06 6.332500001008156970e-07 2.745999991020653263e-08 -4.034430000137945512e-06 2.873230000113835570e-06
2.703013922029999350e+01 2.509674200002336999e-04 -3.510000005917391027e-08 -2.351608200000555328e-04 2.350616399999125815e-04 -8.300799998323781939e-07 2.830509999876085120e-06 -2.299499999935505817e-06 -1.698299999952723816e-06 -9.353699999337550263e-07 -3.533930000048713011e-06 -1.300050000099872753e-06 1.632690000042202984e-06 1.678399999946122876e-07 -4.653899999539134803e-07 3.034979999938513914e-06 -2.467350000006263148e-06 -5.035399999542277899e-07 -4.066459999921789747e-06 2.870169999914651350e-06
2.803013922029999350e+01 4.469909999988885607e-05 -2.398679999896558096e-06 3.002919999926234652e-06 -6.713800001307390264e-07 -1.330559999769320713e-06 1.269519999914337019e-06 -2.066040000136126708e-06 -1.602160000038566093e-06 -2.014199999393895381e-07 -2.532960000098683036e-06 -1.269539999702828997e-06 6.713999999192310047e-07 1.599119999809772694e-06 -1.983599999221041874e-07 9.979200000088895363e-07 -4.666139999972074527e-06 2.862540000205626521e-06 -3.262320000067120379e-06 9.338399999251123377e-07
2.903013922029999350e+01 -4.669199999625561689e-07 -3.466800000023795267e-06 3.265399999872897734e-06 -8.667000001878477658e-07 6.701812000028439570e-05 -2.109832666671422754e-05 7.714843666660158700e-05 -1.276672300000427566e-04 1.284342333334905200e-04 -1.287668733336147292e-04 -1.535039999725995601e-06 4.669199999625561689e-07 6.011999998008832635e-07 1.531980000072508122e-06 -9.979399997973815145e-07 -4.135120000137249128e-06 3.866579999885288702e-06 1.201766900001530251e-04 -3.557485000007432248e-05
3.003013922029999350e+01 5.676200002199039375e-07 -2.265920000172627754e-06 9.917000006680609135e-08 -4.989600000044447682e-07 5.068055499996262296e-05 -5.204925499983801353e-05 5.014571999990948746e-05 -5.424728999996659723e-05 -1.063539999995555307e-06 1.533509999899251862e-06 -1.467899999988731029e-06 5.661100001816521761e-07 -6.988600001932354783e-07 1.963810000052035358e-06 -2.032460000009450535e-06 -4.348899998149136116e-07 1.469429999815474769e-06 4.728545500001928194e-05 -4.945219500004895878e-05
3.103013922029999350e+01 1.666259999910835164e-06 -6.683399999019457334e-07 -2.066040000136126708e-06 -3.997799998614936990e-07 -2.001940000263857637e-06 1.342600000498350635e-07 3.967399999964982510e-07 -5.264279999755672519e-06 -3.967399999964982510e-07 2.398679999896558096e-06 -2.932739999960176470e-06 1.464859999759937630e-06 -3.997799998614936990e-07 1.663199999893549787e-06 -3.997799999706330366e-06 9.338399999251123377e-07 1.400759999887668560e-06 -2.868659999876399589e-06 1.068119999763439485e-06
3.203013922029999350e+01 -7.995599997229873980e-07 6.011999998008832635e-07 -1.800539999749162206e-06 -5.340600000636186917e-07 -1.666260000274633062e-06 1.931760000297799878e-06 -8.011017000007996205e-05 7.577666999986831721e-05 1.135260000228299853e-06 1.342799998383270682e-07 -4.467780000049969969e-06 -3.463286999995034658e-05 3.723297000015009294e-05 -3.733368000011978737e-05 -3.100590000030933801e-06 -1.266480000049341518e-06 3.466800000023795267e-06 -1.565549999941140514e-06 -2.467350000006263148e-06
3.303013922029999350e+01 6.306763000011415409e-05 7.995600000867852960e-07 -1.965340000060677941e-06 -8.010800000192830464e-07 -2.000430000043706821e-06 2.635200000077020480e-06 -2.902230000108829667e-06 -5.325299998730770541e-07 8.010899999135290356e-07 -1.033019999886164511e-06 -2.468880000014905731e-06 2.396697999993193721e-05 -2.213133999994170255e-05 2.219848000004276460e-05 -2.200319999974453961e-06 1.342799998383270682e-07 2.398679999896558096e-06 -4.199220000009518199e-06 -6.711999994877260689e-08
3.403013922029999350e+01 1.253326300000480865e-04 1.167290000012144512e-06 -6.473234000004595627e-05 6.189727000000857778e-05 -1.731879999897500934e-06 -6.383361000007425315e-05 6.199951999988115412e-05 4.668999999921652416e-07 -6.343381999977282281e-05 -9.323100000983685981e-07 6.230009999999310520e-05 -6.396788999991258676e-05 6.410368999986531516e-05 -1.303099999859114137e-06 -6.383208000006562158e-05 6.273345999998127269e-05 2.465810000103374471e-06 -6.693267000009655665e-05 6.366881999983889167e-05
3.503013922029999350e+01 1.267333900001176440e-04 -6.236572000016166769e-05 -6.216734999979962623e-05 1.245666400000118351e-04 -3.233340000042517104e-06 -1.267990100001043180e-04 1.256652900001426984e-04 -1.432810000005701938e-06 -1.234664800000245908e-04 -3.134160000081465248e-06 6.289978000004339083e-05 -6.326599000003625272e-05 1.249343800000133286e-04 -6.236876999992091713e-05 -6.386259999999310930e-05 1.245651100000031764e-04 -4.348599999502766953e-07 -1.237304800000856681e-04 6.093445000005885930e-05
3.603013922029999350e+01 1.231994600002508326e-04 -1.243316600000980438e-04 3.067020000162301410e-06 1.225311199999850969e-04 -4.266360000110580246e-06 -1.215331999999762056e-04 1.213989199997740815e-04 -2.600099999835947396e-06 -1.195312399999238562e-04 -1.599120000173570592e-06 -2.801519999775337119e-06 2.532959999734884926e-06 1.200012200002674933e-04 -1.233337400000891662e-04 -5.370999999286140867e-07 7.487028999985341558e-05 -8.346599999640602705e-07 -7.229919000001246143e-05 1.256561999998666616e-05
3.703013922029999350e+01 2.066030000059981982e-06 -1.867670000137877635e-06 1.266480000049341518e-06 2.702330000101937800e-06 -4.902650000076391761e-06 -6.317100000160280703e-07 1.097100000151840447e-06 -3.265380000084405968e-06 2.801519999957236174e-06 -1.766969999880530026e-06 -1.699830000143265454e-06 1.165769999897747813e-06 -1.231379999808268645e-06 -1.264960000116843661e-06 -1.203919999898062070e-06 3.563231999996787616e-05 1.373399998556123924e-07 -1.153015199999572369e-04 1.145660399999542229e-04
3.803013922029999350e+01 -1.426689999971131396e-06 1.226800000040384467e-06 1.533509999899251862e-06 -1.527399999940826045e-06 -3.939829999944777199e-06 3.900159999830065820e-06 -3.399660000104631852e-06 -2.432259999841335214e-06 3.932189999977709012e-06 -9.338400001070112867e-07 8.613434000017150289e-05 -8.760070000007544322e-05 -2.499399999942397684e-06 -6.942699999854084636e-07 -1.007089999984600518e-06 -1.098620000084338303e-06 -1.266599998416495436e-07 -2.530044400002225418e-04 2.521652100000210573e-04
3.903013922029999350e+01 2.437438999986625443e-05 1.626590000159922106e-06 -2.453308000003744487e-05 -1.660160000028554286e-06 2.356108999993011954e-05 -2.350004999971133668e-05 2.133329999978741289e-05 -3.311100001155864386e-07 -2.313536999990901515e-05 0.000000000000000000e+00 2.448974499999167207e-04 -2.456970100000034998e-04 1.976317000007838989e-05 -2.249144999987038324e-05 -2.740480000284151323e-06 2.330170000004727548e-05 2.638240000123914824e-06 -1.988387999999758878e-04 1.704330399998070684e-04
4.003013922029999350e+01 2.083312999999179687e-04 7.995600000867852960e-07 -1.669982900000832084e-04 -1.533510000081150705e-06 1.678634600002624111e-04 -1.686630200001673153e-04 1.665298399999301049e-04 6.012000001646811615e-07 -1.664978000000701380e-04 -1.533510000081150705e-06 1.650314300000900317e-04 -1.656311000000641786e-04 1.635650599999280506e-04 -1.667983999999705761e-04 -9.280395000005228334e-05 2.541336100000990178e-04 6.201159999909578150e-06 -2.607711799999378887e-04 8.703613999987283101e-05
4.103013922029999350e+01 2.545288000001164584e-04 1.373400002194102904e-07 -2.868660000240197275e-06 1.068120000127237383e-06 2.465819999633822456e-06 -5.264279999391874410e-06 1.464839999607647754e-06 8.667000001878477658e-07 -1.342800002021249397e-07 -2.465819999997620566e-06 -1.342799998383270682e-07 -5.981400001473957844e-07 -3.067019999798503723e-06 -3.997800002252915970e-07 -2.687011699998038267e-04 2.632995699999810132e-04 7.665999999881023167e-06 -2.727996800000255279e-04 2.661316000001534197e-04
4.203013922029999350e+01 3.132980199996382247e-04 -4.012999997939914495e-07 -5.531310000151278969e-06 2.265930000066873425e-06 2.967830000125104404e-06 -6.967160000203875463e-06 3.799439999966125287e-06 -4.669199999625561689e-07 -1.007099999696947690e-07 -2.499389999866252958e-06 1.535039999907894444e-06 -2.317337100001168305e-04 2.280334500002936641e-04 -1.167300000088289451e-06 -2.699005000002216740e-04 2.647674600000755277e-04 6.498710000050777921e-06 -2.720657300002131017e-04 2.658004600001731619e-04
4.303013922029999350e+01 4.823669600002176354e-04 1.327400001173373395e-07 -2.355331300001125725e-04 1.866149999841582093e-06 2.313324000002467114e-04 -2.342330999999830987e-04 2.357009800001833358e-04 -1.066570000148203768e-06 2.670100000614184186e-07 -3.401170000142883614e-06 -3.205000011803349770e-08 -4.824691800002256265e-04 4.819351100002677510e-04 -9.917999996105209370e-08 -4.833679100000154005e-04 2.430328399999780360e-04 2.381011899999066256e-04 -3.197997999999642829e-04 8.516844999976456488e-05
4.403013922029999350e+01 6.154983499999332457e-04 8.941666669329606761e-07 -5.933624266666186501e-04 1.714385899995250057e-04 4.218973766666749719e-04 -5.924692666667396700e-04 5.898030466669297242e-04 -1.178654966664907959e-04 1.141098033333662467e-04 1.377359999844429793e-06 -2.889000000607211445e-07 -6.157018033332860340e-04 4.966369699999632252e-04 1.169123266665963014e-04 -6.153162566667276685e-04 1.933441000037419181e-05 5.967549666666571067e-04 -5.883504266671195663e-04 -3.866579999885288702e-06
4.503013922029999350e+01 7.023315400001593290e-04 1.206725999996706336e-04 -6.353393500001402626e-04 1.448028500002692537e-04 7.154838650001693048e-04 -8.616539050000938385e-04 5.127014200003031548e-04 -2.173310000034689421e-05 1.946563999990758010e-05 1.241363599998294314e-04 -4.135139999561943209e-06 -6.328689500001928505e-04 4.928695599999627971e-04 1.823349000002053900e-04 -6.791046099999221378e-04 -5.981500002235407225e-07 6.555900650000694033e-04 -6.525215149998985029e-04 -3.465270000015152685e-06
4.603013922029999350e+01 8.725326700001460488e-04 1.258025999999517943e-04 -6.255020100001274647e-04 1.278335500002867903e-04 8.702682499999354632e-04 -9.981689399999596132e-04 4.959304799998790403e-04 -2.133179999873391492e-06 3.500369999892427659e-06 6.100158999979612409e-05 2.487670800001069607e-04 -8.064666700000088558e-04 4.922042800000781286e-04 1.533981300002778875e-04 -6.495010400001774604e-04 -3.067010000449954369e-06 6.519699100001162409e-04 -6.480697699997108345e-04 -5.233750000115833103e-06
4.703013922029999350e+01 7.473358199997164704e-04 2.532669100004568625e-04 -5.599685700002737495e-04 6.463318000023718455e-05 9.216995200000383621e-04 -9.862670900001831772e-04 3.025649899998825404e-04 -1.867659999697934799e-06 5.868519999785348652e-06 -4.064939999807393260e-06 4.979339599995000242e-04 -8.015350299996498208e-04 3.023986699998204358e-04 2.539383000002999320e-04 -5.570693900001060916e-04 -5.900580000161426024e-06 5.597992000002705070e-04 -5.563995299999078496e-04 -4.399110000304062603e-06
4.803013922029999350e+01 6.196365399999194694e-04 1.871337800002947937e-04 -3.131683200004772415e-04 3.356000015628523920e-08 7.982665999999881195e-04 -7.977996699999493702e-04 1.207641699998930531e-04 1.663200000621145636e-07 -6.313324000002467577e-05 -4.095469999811029939e-06 4.925659199998335151e-04 -5.507675200002267639e-04 5.536346000008051895e-05 4.366378900002018735e-04 -4.930343799998808960e-04 -2.868640000087907399e-06 4.919647200000326929e-04 -4.909637400000065521e-04 -2.198789999965810955e-06
4.903013922029998639e+01 6.101989599999797396e-04 -1.263420000032056141e-06 -1.235351399998762774e-04 1.333600000361912009e-06 6.109344399999826723e-04 -6.099334600003203898e-04 1.165344200002436963e-04 1.733399999648099736e-06 -1.246032800001557782e-04 -3.198239999619545388e-06 3.266021800001908605e-04 -3.231353800001670771e-04 2.045899999987454946e-05 3.027404600000124920e-04 -3.228668199997628018e-04 -4.266360000474378355e-06 3.267303600005106953e-04 -3.242645199999969982e-04 -1.998920000187354114e-06
5.003013922029998639e+01 5.049301200000627350e-04 -1.495370000338880441e-06 -5.938719999903696711e-06 2.702339999814284840e-06 4.168014499999116921e-04 -4.182037399994442293e-04 -7.293600003322353470e-07 2.603140000064740795e-06 -2.706910000051720822e-06 -3.730769999674521179e-06 1.645004300000436968e-04 -1.655700800001795787e-04 1.901249999718857067e-06 1.634704500003863244e-04 -1.665374700001848434e-04 -2.198789999965810955e-06 1.696670600002107734e-04 -1.676666300001670691e-04 -8.667000001878477658e-07
5.103013922029998639e+01 4.185638499999185923e-04 -8.062749999953667309e-06 5.563350000011268778e-06 2.502439999807392973e-06 2.407013000000006290e-04 -2.434036299997387653e-04 -4.199210000297170736e-06 -2.796939999825554097e-06 6.942699998035095146e-07 -6.622299999435199172e-07 -1.367034999966563238e-05 1.546783999983745162e-05 -6.668100002571009428e-07 -1.359711000004608672e-05 1.582948000032047332e-05 -4.499829999986104505e-06 -1.229706000012811217e-05 1.393280999982380242e-05 3.006000002642394768e-07
5.203013922029998639e+01 2.055663900002400730e-04 -6.565849999969941336e-06 -2.266692000011971572e-05 -1.333639999938895966e-06 2.490326099999947405e-04 -2.525634899997385120e-04 2.683106999975279775e-05 3.341499999805819395e-07 -3.434740000011516006e-06 -2.486572000016167437e-05 1.959992000010970419e-05 -1.973115999971923804e-05 -1.800519999960670227e-06 2.136535999998159333e-05 -2.296752000002015730e-05 -1.931760000297799878e-06 2.070158000024093726e-05 -2.010042000001703848e-05 3.530920000048354215e-06
5.303013922029998639e+01 2.533691399999952456e-04 -7.803340000100434119e-06 -2.513946600000053848e-04 -2.670289999878150305e-06 2.467987100004393050e-04 -2.502624500004458252e-04 2.575958300003549067e-04 -1.531980000436306020e-06 -2.996839999832445964e-06 -2.545028699998511156e-04 2.529007099998125448e-04 -2.516311699997459328e-04 -2.433780000137630757e-06 2.543304500002704850e-04 -2.553634700001566741e-04 -2.433780000137630757e-06 2.514648500000475780e-04 -2.515350399997260213e-04 3.498839999519986967e-06
5.403013922029998639e+01 2.932678199998918229e-04 -4.534899999998742563e-06 -2.874633799998264276e-04 -1.403820000268751835e-06 2.854004000000713668e-04 -2.869323799997801198e-04 2.872680599997693416e-04 -6.683200001134537552e-07 -1.333619999786606090e-06 -2.884002600003441339e-04 2.892028600006597296e-04 -2.885345400005462444e-04 -1.266480000049341518e-06 2.884674000000813851e-04 -2.917327800001658067e-04 -1.000979999662377015e-06 2.867309599998407038e-04 -2.878661999995529006e-04 5.310000000463333145e-07
5.503013922029998639e+01 2.474670499996136828e-04 2.263351399997191003e-04 -4.752700699998967972e-04 -1.132199999847216578e-06 4.722366200003307079e-04 -4.741684000000532260e-04 2.466018799997982298e-04 2.294326699997327587e-04 -2.302688599997054536e-04 -2.480331300001126053e-04 4.744018599998525818e-04 -4.746673799996642363e-04 -1.400740000099176581e-06 4.739013700000214405e-04 -4.766357500000595001e-04 -1.464839999971445652e-06 4.733993499998178094e-04 -4.738662700001441291e-04 2.655000003869645552e-07
5.603013922029998639e+01 2.567672700002731462e-04 2.607330300001194936e-04 -5.159683199999563329e-04 2.379348799997387713e-04 2.746337799999310023e-04 -5.150024499995197163e-04 2.539337199999863585e-04 2.615356599999359112e-04 -2.607361000002128820e-04 -2.006681999991997276e-05 2.774001900001167348e-04 -5.138992300002428711e-04 -3.565979999984847546e-06 5.151687599998695539e-04 -5.151687499997933744e-04 -4.400639999948907923e-06 5.164672799997788426e-04 -5.150665199998911330e-04 -1.600649999818415277e-06
5.703013922029998639e+01 3.089965899998787808e-04 2.676696999988052868e-05 -3.345626799997262319e-04 3.051971400000184128e-04 2.023040699998091376e-04 -5.105346600001212749e-04 3.054290700001729411e-04 2.007736300001852227e-04 -4.240997400000196416e-04 2.207260099999984969e-04 2.043670699997164760e-04 -5.087280299998382920e-04 -2.333060000091791169e-06 5.100006100001337750e-04 -5.100006100001337750e-04 -3.167729999768198585e-06 5.072967500000232031e-04 -5.061660700001084168e-04 -1.933289999942644351e-06
5.803013922029998639e+01 2.892669599998043601e-04 -3.067019999434705614e-06 -2.866607600000861352e-04 2.437301599995407694e-04 2.556015000001934782e-04 -5.008667000001878989e-04 2.440322900001774473e-04 2.521682699996745164e-04 -3.380660899998474576e-04 8.559875000028114818e-05 2.526626599996234361e-04 -4.993957399994542086e-04 -3.332520000549266124e-06 5.029327200005355263e-04 -5.023986799998965977e-04 1.541992299997218695e-04 3.409973099998751637e-04 -4.949371399998198778e-04 -2.066039999772329022e-06
5.903013922029998639e+01 1.284942599995702065e-04 -1.927179999620421060e-06 -1.303024300003016961e-04 1.554687699997884815e-04 1.587982000004558463e-04 -3.128677400000015271e-04 1.920318000011320562e-05 2.881988599998294145e-04 -2.861968999997770787e-04 -2.069100000517209983e-06 2.882599000004119980e-04 -3.113632299999153741e-04 -4.167170000437181774e-06 3.159362800000963022e-04 -3.145355299999209680e-04 1.953735000024608024e-05 2.891998399994918055e-04 -3.090347399996971759e-04 -1.766959999804385087e-06
6.003013922029998639e+01 6.349183000056654602e-05 -4.943900003127055277e-07 -6.926726999990932474e-05 6.710204999981214744e-05 3.298949999953037936e-06 -6.760101999971083661e-05 -1.370230000247829567e-06 6.237030000011145072e-05 -6.356507000018610015e-05 -4.714899998361943054e-07 6.346435000014025336e-05 -6.462860000028740153e-05 -2.932729999884031744e-06 6.840209000001777368e-05 -6.790160000018659174e-05 -8.972199997515417148e-07 6.409757999972498499e-05 -6.433257999997295587e-05 -3.662099999928614131e-07
6.103013922029998639e+01 1.394650000293040641e-06 -2.945000003819586517e-07 -4.199209999933373473e-06 2.532960000098683036e-06 1.232909999816911228e-06 -1.998910000111209388e-06 -1.838679999855230579e-06 -6.622299999435199172e-07 2.334700002393219715e-07 -1.039130000208388013e-06 -2.099610000004759100e-06 -3.616299996792804404e-07 -1.631170000473503025e-06 3.431700000146520293e-06 -3.433220000079018149e-06 8.331299999554175819e-07 -1.333619999786606090e-06 9.338299998489673996e-07 -4.669099998864112308e-07
6.203013922029998639e+01 -1.074220000009518050e-06 1.141359999746782622e-06 -2.871700000105192988e-06 -9.277400000428315655e-07 2.398679999896558096e-06 7.965200005855876930e-07 -3.668219999963184991e-06 -5.950800004939083052e-07 3.326400001242291271e-07 -2.871720000257482864e-06 -1.867659999697934799e-06 2.337640000041574190e-06 -2.600099999835947396e-06 1.535039999725995601e-06 -2.801519999775337119e-06 2.001960000052349827e-06 -2.337660000193864066e-06 -9.277199998905416893e-07 2.398679999896558096e-06
6.303013922029998639e+01 -1.535039999725995601e-06 2.136240000254474767e-06 -2.401740000641439057e-06 -2.597039999818662230e-06 2.398679999896558096e-06 3.598020000208635042e-06 -5.401600000186590434e-06 6.042400003934744546e-07 -1.202400000329362323e-06 -2.069079999637324311e-06 -4.143218999997771166e-05 3.700249999747029650e-06 -3.733819999979459728e-06 2.470389999871258438e-06 -4.603569999744649929e-06 2.571099999840953299e-06 -1.837149999846587785e-06 -3.398129999914090215e-06 5.267319999984465495e-06
6.403013922029998639e+01 -1.367179999942891230e-06 1.467889999912586091e-06 -1.203919999898062070e-06 -5.329900000288034819e-06 4.766849999941768965e-06 9.292599999753293160e-07 -2.296439999918220651e-06 -1.098640000054729124e-06 -1.402289999896311142e-06 -2.000419999967562094e-06 4.483490000020538173e-05 5.331419999856734566e-06 -6.335440000111703090e-06 2.004999999917345116e-06 -3.469860000041080433e-06 1.269540000066626895e-06 -1.870719999715220176e-06 -2.328500000294298023e-06 3.665159999945899402e-06
6.503013922029998639e+01 1.400749999811523621e-06 8.651700001792050773e-07 -2.336119999745278648e-06 -2.665710000292165393e-06 5.567881333348054593e-05 -5.561166333330333831e-05 1.336659999651601591e-06 -1.502989999789861066e-06 -2.966300000116461822e-06 -5.309999996825354165e-07 7.324099995457799900e-07 5.966100001387530958e-07 -3.800969999792869238e-06 1.702889999796752721e-06 -2.368170000045210869e-06 6.668199999694479829e-07 -1.933300000018789501e-06 -4.974199997377581925e-07 1.831049999964307118e-06
6.603013922029998639e+01 -2.398679999896558096e-06 2.931209999951533887e-06 -5.020099997636862582e-07 -2.365120000104070430e-06 1.132209999923361516e-06 -7.675200002267956986e-07 2.380400001129601081e-07 -2.336120000109076334e-06 -5.020099997636862582e-07 -1.129159999982221077e-06 -1.298519999909331115e-06 2.993779999815160375e-06 -5.799869999827933476e-06 1.502989999789861066e-06 -6.867000010970514520e-08 3.677500000776490397e-07 -1.669319999928120541e-06 -1.229859999875770789e-06 8.316100000229198315e-07
6.703013922029998639e+01 -3.533940000488655847e-06 5.065920000197366071e-06 -1.531979999708710224e-06 -2.133180000237189178e-06 1.931760000297799878e-06 2.449950999980501522e-05 -1.530450000063865539e-06 -2.516937999971560216e-05 -7.995600004505831940e-07 3.326400001242291271e-07 2.100374000001466003e-05 -2.386934000023757045e-05 2.076570000026549748e-05 1.400740000099176581e-06 -5.325199999788310650e-07 2.990699998917989432e-07 3.662099999928614131e-07 -2.609863999969093179e-05 3.997799998614936990e-07
6.803013922029998639e+01 9.595336000020325312e-05 3.329479999956675038e-06 -1.699840000219410180e-06 -1.499930000136373587e-06 2.166740000029676420e-06 3.863219999984721478e-05 1.470940000581322326e-06 -4.233550000062677877e-05 -1.695327800000086358e-04 1.315902700003789396e-04 7.567900999965785865e-05 -2.090728600000147579e-04 2.047363200006657355e-04 2.066039999772329022e-06 -2.532960000098683036e-06 1.065060000109952006e-06 3.997799998614936990e-07 -2.099304199997277499e-04 -6.652800002484582542e-07
6.903013922029998639e+01 1.949127349998889343e-04 6.622000000788830009e-07 9.338399999251123377e-07 -4.266359999746782983e-06 3.466800000023795267e-06 -9.979200003726874343e-07 -5.310000000463333145e-07 2.062999999907333309e-06 -2.502639999998791534e-04 5.184683333330326681e-05 1.928873666666447580e-04 -2.479705799996736407e-04 2.452331399996182638e-04 9.338399999251123377e-07 -9.338399999251123377e-07 -7.323999998334329499e-07 -7.354800000030082033e-07 -2.480621299997437827e-04 7.003799997619353308e-07
7.003013922029998639e+01 1.317555866667419076e-04 2.889000000664054768e-07 1.774086666648600023e-06 -4.261273333395365235e-06 3.553266666619947573e-06 -7.578533331979997685e-07 -2.486166666739109101e-06 -3.961263066667015898e-05 -9.538695599985658679e-05 -3.536999999778345216e-06 1.351135333330603244e-04 -1.351776133335078935e-04 1.333546933334844268e-04 1.289880000206267141e-06 8.646666661661583791e-07 -1.641846666217361337e-06 -2.092486666759896121e-06 -1.361724866668112034e-04 -2.013999997870996619e-07
7.103013922029998639e+01 -1.403819999541156039e-06 -7.293599999684374490e-07 0.000000000000000000e+00 -5.340600000636186917e-07 -4.253235000032873294e-05 -2.799990000130492223e-06 -2.203369999915594400e-06 1.498419999916222982e-06 1.171869999961927534e-06 -1.972960000057355307e-06 -2.230839999538147804e-06 2.970889999778591883e-06 -5.334470000161673114e-06 3.132620000178576570e-06 8.682299998326925564e-07 -1.800539999749162206e-06 -2.900690000024041934e-06 1.678399999946122876e-07 -9.674000000813975835e-07
7.203013922029998639e+01 1.602199998160358404e-07 -1.860049999959301215e-06 5.004900001949862998e-07 -4.333500000939238829e-07 3.096771999989868777e-05 -4.202280000026803365e-06 -6.713800001307390264e-07 1.266480000049341518e-06 -1.660160000028554286e-06 -4.058799997437745241e-07 -1.599120000173570592e-06 1.004020000254968101e-06 4.023438000003806990e-05 -3.983460000017657562e-05 -1.733400000375695532e-06 -7.324199999857228261e-07 4.020081000016943751e-05 -1.998799998546019114e-07 -8.346599999640602705e-07
7.303013922029998639e+01 1.361080000060610563e-06 -2.392580000014277218e-06 3.677400000015041016e-07 -4.348700000264216334e-07 2.066030000059981982e-06 -2.331530000446946272e-06 -1.474009999583358948e-06 -1.100159999987226981e-06 -1.661670000248705102e-06 4.607999999279854675e-07 -7.659700000658631338e-07 1.106260000233305545e-06 -4.653472999998485056e-05 4.800261999989743601e-05 -2.534489999743527932e-06 -2.900680000311694894e-06 -4.576569000018934971e-05 1.934800000162795167e-06 -1.000979999662377015e-06
7.403013922029998639e+01 1.867996200002380782e-04 -1.997379999738768695e-06 2.349899998080218240e-07 -1.857055699998454580e-04 1.868041999998240436e-04 -1.264939999964553785e-06 -9.063699999387609298e-07 -1.832590000049094639e-06 -1.861999600001581817e-04 1.855667200001335072e-04 5.660999999236082890e-07 -1.873932000002241725e-04 1.838989400002901645e-04 3.131099999882281028e-06 -1.867645399997854905e-04 1.845977999997558069e-04 -4.029859999718610475e-06 2.363589999731630161e-06 -2.670299996680114478e-07
7.503013922029998639e+01 2.283844000001408801e-04 7.995599997229873980e-07 1.086731000032159551e-05 -1.904010019999986998e-04 1.906024219999380887e-04 -2.035529999920981795e-06 -1.200869999956921631e-06 3.692700000101467373e-07 -1.907498160002432999e-04 1.887493860001995957e-04 1.300049999917973698e-06 -1.912182599998800490e-04 1.868176299996434741e-04 2.035520000208634755e-06 -1.881860340000287212e-04 1.880197140003303936e-04 -4.002390000096056224e-06 1.867679999850224675e-06 2.670300000318093458e-07
7.603013922029998639e+01 3.565979999984847546e-06 5.417896666767774186e-06 3.361103333299979274e-05 2.746600002865307046e-07 -4.699800003436393910e-07 -2.603139999700943108e-06 -1.281800003198441146e-07 2.685600004042498794e-07 -2.001960000052349827e-06 1.000979999662377015e-06 1.132200000574812374e-06 2.859649999991233858e-05 -1.602170000114711031e-06 -2.999725000008765925e-05 3.170013000017206324e-05 -3.256683000035991111e-05 2.893065999996906763e-05 6.027300001733237442e-07 9.994399999413871809e-07
7.703013922029998639e+01 -6.683299998258007953e-07 7.344359999988227868e-05 -7.224885000032372443e-05 8.837281000014627513e-05 -9.090118000021902406e-05 -2.204899999560438873e-06 -1.281600001675542384e-07 1.301559999774326616e-06 -3.997799998614936990e-07 -1.632679999966058046e-06 8.999939000023004425e-05 -1.363342500000726449e-04 6.103999985498375998e-08 4.333650000007765009e-05 1.313308599997981322e-04 -1.292968699999619275e-04 -4.903868999972473588e-05 3.387600001587998285e-07 1.767974599999433774e-04
7.803013922029998639e+01 2.685499999643070434e-07 3.048629799999616973e-04 -3.059661899998900253e-04 3.087661900000966881e-04 -3.098983899999439265e-04 -2.934270000332617162e-06 3.070070000467239958e-06 -2.934260000256472436e-06 1.100150000274879941e-06 -1.333599999998114111e-06 3.077972399998543619e-04 -3.104629599998588599e-04 3.430179999486426641e-06 -3.097530000013648636e-06 3.066329900000710042e-04 -3.055007899994962119e-04 -2.633670000432175583e-06 -2.667239999937009866e-06 3.099014300001726890e-04
7.903013922029998639e+01 1.520080000045709308e-05 3.175018299996736266e-04 -3.346313499998359729e-04 2.530303999999887065e-04 -2.368957499998941812e-04 -2.203370000279392087e-06 -1.693700000032549761e-07 -1.783294999950157879e-05 1.766814999973576085e-05 -2.635190000364673440e-06 2.368026700001792117e-04 -2.533645499999692967e-04 1.793212000011408383e-05 -3.562930000043707107e-06 2.374939000001177237e-04 -2.352294900003471488e-04 -2.467349999642465462e-06 -2.030950000334996883e-06 2.364273200004390614e-04
8.003013922029998639e+01 2.104705800004012318e-04 2.952667199999268414e-04 -5.072631799994269152e-04 2.119293199997628226e-04 7.275957614183426252e-16 -2.868660000967793071e-06 2.579956000008678364e-05 -1.212900799998635715e-04 9.309183999988022084e-05 -4.669199995987582709e-07 2.786559999985911435e-05 -1.212005599999713400e-04 1.182037300002150413e-04 -4.570000237436033720e-09 1.933279999866499624e-06 -2.899170000091544502e-06 3.707899999426444877e-07 -1.902769999651354712e-06 2.766419999534264035e-06
8.103013922029998639e+01 1.967651400002068797e-04 7.937165000003006045e-05 -2.753647000001365245e-04 1.968948499998077650e-04 -3.677399996377062036e-07 -4.061899999942397547e-06 3.606109999964246337e-05 1.867679999850224675e-06 -4.313354999940202157e-05 3.366089999690302719e-06 3.656616000007489084e-05 6.683400002657436314e-07 -2.261360000557033239e-06 -3.387400000065099523e-07 -1.342799994745291702e-07 -1.342800002021249397e-07 -6.591800003661773762e-07 -4.074079999554669850e-06 4.800399999658111904e-06
8.203013922029998639e+01 2.472930800002359200e-04 4.089599991857539815e-07 -2.514343399994686617e-04 2.525604200007364815e-04 6.120000034570693894e-09 -4.669200000353157802e-06 6.622399996558669573e-07 1.467879999836441153e-06 -3.601079999498324411e-06 -1.800519999960670227e-06 1.342799994745291702e-07 3.872680000495165799e-06 -4.266360000474378355e-06 -1.599120000173570592e-06 7.324000005610287459e-07 6.652799995208624583e-07 -1.397680000081891204e-06 -1.602199999615550049e-06 1.333639999938895966e-06
8.303013922029998639e+01 4.840972799993323783e-04 -1.928709999265265533e-06 -3.109680200006551118e-04 8.146668000008503102e-05 6.652900003246031923e-07 -3.866590000689029648e-06 1.368720000391476860e-06 -2.670300000318093458e-07 -3.300469999885535792e-06 -3.834540000025299740e-06 7.798769999862997714e-06 -3.030399999624933206e-06 2.292007399995782304e-04 -2.322341800001595524e-04 8.331299999554175819e-07 2.310333299999911007e-04 -2.338012799991702321e-04 -1.133730000583454957e-06 2.468869999938761005e-06
8.403013922029998639e+01 5.547683700002381015e-04 -3.732299999683164185e-06 -3.056671200007258539e-04 3.533940000488655847e-06 4.638600003090686897e-07 -4.263300000457093190e-06 7.324199992581270301e-07 -6.713999900966882884e-08 -3.530879999743774462e-06 -2.133180000237189178e-06 1.983599999221041874e-07 2.529920000233687323e-06 2.611038099988945605e-04 -2.615035899994836831e-04 -1.983799993467982941e-07 2.617340199994942058e-04 -2.656646800005546538e-04 -2.337639999313978394e-06 4.000859999359818269e-06
8.503013922029998639e+01 5.425003099997411683e-04 -8.056699996814132142e-07 -2.607650800004194169e-04 2.066040000499924818e-06 -3.967199998442083748e-07 -4.196159999992233034e-06 2.526840000064112281e-06 -1.602160000766161889e-06 -2.655000003869645552e-07 -4.067999999097083053e-06 6.072999996831640357e-07 -3.640288999959011333e-05 6.369068999993032906e-05 -2.462362000005669080e-05 -4.196624000032898172e-05 2.576980600002570939e-04 -2.596649200007959766e-04 -1.634209999610902730e-06 9.002700000564800518e-07
8.603013922029998639e+01 3.075332799999159648e-04 2.062959999602753557e-06 -2.526977499997883720e-04 5.340600000636186917e-07 -2.362059999722987579e-06 -3.372190000663977080e-06 6.070098999989568590e-05 -5.933226999986800418e-05 1.531970000360161082e-06 -6.201169999985722876e-06 1.802069999394007102e-06 -3.973082999946200318e-05 -3.869640000630170087e-06 1.038360700007615349e-04 -1.037628300004143998e-04 2.943969799998739944e-04 -2.950042799995572008e-04 -2.059939999890048144e-06 3.326599995489232074e-07
8.703013922029998639e+01 2.524978699999337671e-04 1.832570000260602661e-06 -6.579893999951309217e-05 1.866139999765437155e-06 -1.361069999984465625e-06 -3.836070000397739585e-06 6.689758000065921520e-05 -6.553344999992986755e-05 1.165779999428195798e-06 -6.399539999983972161e-06 1.301580000290414390e-06 4.003899999952409354e-06 -4.235840000183088293e-06 6.389771000031032287e-05 -6.329499000057694016e-05 6.259918000068864514e-05 -6.473540000006323296e-05 -2.297980000730603756e-06 1.033020000613760307e-06
8.803013922029998639e+01 2.658706750000419455e-04 4.263300000457093190e-06 -3.265380000812001340e-06 2.468880001106299637e-06 -1.867679999850224675e-06 -3.070080000907182794e-06 2.465819999633822456e-06 -7.964999997057020209e-07 3.997799998614936990e-07 -6.665039999643340655e-06 1.528940000571310519e-06 4.003899999952409354e-06 -4.669200000353157802e-06 6.011999998008832635e-07 6.011999998008832635e-07 -1.464839999971445652e-06 -2.072139999654609900e-06 -7.293799993931316351e-07 1.400759999523870662e-06
8.903013922029998639e+01 2.999674366670660548e-04 4.864499999530380975e-06 -6.864930000301683168e-06 5.700690000230678883e-06 -4.772949999460251734e-06 -3.631700004916638101e-07 9.994500003813300170e-07 -1.896660000056726794e-06 2.319299994269386018e-07 -4.833989999315235639e-06 2.331550000235438462e-06 2.264409999042982086e-06 -2.963260000251466532e-06 1.400750000902917315e-06 -3.036400004930328757e-07 -1.968389999819919325e-06 -3.863519999868003536e-06 3.311099993879906955e-07 1.365660000737989381e-06
9.003013922029998639e+01 5.026367200007370809e-04 3.561389999231323579e-06 -4.527270000107819102e-06 5.099480000353650999e-06 -4.507440000452333885e-06 1.202390000253217385e-06 -3.901680000126361786e-06 5.737300001783296478e-07 -1.540221999966888574e-05 1.270141999993938948e-05 4.287799994926899504e-07 1.165770000807242452e-06 -2.033990000927587968e-06 1.541120000183582399e-06 -2.411000001302454588e-07 -1.535009999497560787e-06 -4.533400000218535006e-06 2.401740000641439057e-06 1.663199989707209225e-07
9.103013922029998639e+01 6.499679500004277091e-04 3.006593000027351200e-05 -3.120117000071331691e-05 2.334580000024289025e-06 -3.201280000212136473e-06 2.532960000098683036e-06 -5.532839999068528070e-06 2.600099999108351600e-06 -1.641998399994918029e-04 1.605346800002735018e-04 2.923125999950570856e-05 -2.649993999948492223e-05 -2.331540000159293312e-06 3.003081999922869712e-05 -2.865599999495316314e-06 -2.670135999942431111e-05 -3.533940001216251219e-06 1.736460000392980909e-06 -8.667000001878477658e-07
9.203013922029998639e+01 5.839645399995788740e-04 1.735702500009210676e-04 -1.733703600002627293e-04 -2.032470000267494316e-06 -1.435860000492539330e-06 2.067570000508567400e-06 -3.865049999876646119e-06 3.433229999791365189e-06 9.002699996926821538e-07 -5.734259999735514012e-06 1.736343299999134747e-04 -1.701690599998982958e-04 -1.963799999793991577e-06 1.731979399999545449e-04 -4.333499999484046920e-06 -1.688980100007029378e-04 -1.602180000190855969e-06 2.685599996766541364e-07 -7.003799990343395348e-07
9.303013922029998639e+01 8.019989000007626649e-04 6.011999998008832635e-07 -9.338400006527081337e-07 -3.131099999882281028e-06 7.293600006960332450e-07 0.000000000000000000e+00 -2.798460000485647326e-06 2.267459999711718321e-06 -6.011999998008832635e-07 -3.332519999821670328e-06 2.600100000563543192e-06 -2.014199999393895381e-07 -2.334580000024289025e-06 0.000000000000000000e+00 2.334580000024289025e-06 -7.324200007133186221e-07 -2.868639999360311603e-06 3.997799998614936990e-07 0.000000000000000000e+00
9.403013922029998639e+01 9.838989300005778274e-04 -3.357000023243017731e-08 -1.200870000320719529e-06 -2.600089999032206873e-06 2.729799999360693518e-06 -1.391599999624304406e-06 -1.234440000553149818e-06 -3.059999289689585711e-09 2.897659999871393685e-06 -5.165110000234562653e-06 2.534480000031180468e-06 -1.971430000412510834e-06 -1.092529999004909826e-06 1.602199990884400974e-07 2.139280000847065852e-06 -1.005550000991206691e-06 -2.528389999497448944e-06 -2.044599998043850125e-07 2.465819999633822456e-06
9.503013922029998639e+01 1.005828849999670536e-03 -1.565560000744881036e-06 9.643800003686919588e-07 -4.331989999627694637e-06 4.400629999872762349e-06 -2.226249999512219633e-06 -1.867670000501675533e-06 -7.064900004479568370e-07 6.001280000054975736e-06 -5.201720000331988867e-06 -1.799009999376721725e-06 7.675200002267956986e-07 -9.460000001126900580e-08 -1.304640000307699767e-06 1.304629999503959033e-06 -9.719799993035850210e-07 -5.935699999099596969e-07 -2.380300000368151700e-07 1.597590000164928009e-06
9.603013922029998639e+01 9.933288599997466828e-04 -6.332400000246707589e-07 -3.933719999622553485e-06 1.800539999385364308e-06 7.324000034714117974e-08 -7.675100001506507605e-07 -9.323199999926145872e-07 -3.407280000101309218e-06 1.040650000504683768e-06 -5.401700000220444020e-07 -1.132200000574812374e-06 5.706900003133341468e-07 -8.987399996840394652e-07 9.002599996165372157e-07 -1.667779999843333020e-06 1.567079999949783097e-06 -3.898630000185221347e-06 -3.661900002043694348e-07 7.980200003657955673e-07
9.703013922029998639e+01 1.001864619999833037e-03 8.667000001878477658e-07 -5.599980000988580665e-06 4.064940000534988632e-06 -1.727280000341124777e-06 -2.136240000254474767e-06 -6.713999900966882884e-08 -1.467899999988731029e-06 -2.130120000219904012e-06 1.129139999102335405e-06 -9.307799991802312705e-07 3.326399993966333311e-07 -7.324199992581270301e-07 6.683399988105520394e-07 -2.532959998643491444e-06 4.598999999871011634e-06 -4.733280000800732793e-06 -2.865599999495316314e-06 5.981399997835978864e-07
9.803013922029997218e+01 8.201339799998095094e-04 5.981400012387893725e-07 -3.930660001060459912e-06 3.598020000208635042e-06 -2.795419999165460445e-06 -1.940920000197365921e-06 -6.714000046486035462e-08 -1.263420000032056141e-06 -7.328032999976131199e-05 7.314605000028678243e-05 -9.979200011002830185e-07 3.060000017285346947e-09 -7.325999904423951694e-08 7.325999904423951694e-08 -2.273559999593999200e-06 3.338619999703951206e-06 -3.805540000030305220e-06 -3.393559998949058437e-06 1.400759999523870662e-06
9.903013922029997218e+01 7.558349600003567027e-04 -1.068129999475786525e-06 -1.831050000328105016e-06 2.763370000320719392e-06 -3.895570000167936182e-06 -1.071180000144522549e-06 -1.693600002909079095e-07 3.372099999978672637e-07 -2.546081999971647769e-05 2.496186999997007628e-05 -1.934829999663634397e-06 5.050799998571164676e-07 9.307000000262633047e-08 -1.426689999789232341e-06 -9.735200008435641338e-07 3.402900008950382601e-07 -2.206440000009024716e-06 -2.095030000782571874e-06 1.768499999889172608e-06
1.000301392202999722e+02 8.712661700003081992e-04 -9.002700004202779498e-07 -1.132199999847216578e-06 1.266480000049341518e-06 -2.697749999788357092e-06 9.948699997039511993e-07 -3.434750000451458418e-06 2.169800001138355491e-06 -1.835630000277888038e-06 5.691499995009508301e-07 -4.013099998701363876e-07 -2.624500004458241162e-07 -1.438909999706083973e-06 7.064900004479568370e-07 -1.274109999940264979e-06 5.081199997221119685e-07 -4.606629999761935094e-06 1.739500000257976410e-06 2.990699998917989432e-07
1.010301392202999722e+02 8.780670200008898951e-04 -1.342800009297207092e-07 -1.467899999988731029e-06 1.535040000453591397e-06 -5.310000007739291105e-07 -2.273559999593999200e-06 -2.734380000038072335e-06 2.471919999516103334e-06 1.319885000048088925e-05 -2.033989999472396376e-06 -1.232910000544507024e-06 1.603700000123353614e-06 -2.537540000048466057e-06 4.043600005388725696e-07 -2.716100010729860615e-07 6.378200007020495766e-07 -6.004329999996116175e-06 2.803039999707834975e-06 -9.999348549172282780e-12
1.020301392202999722e+02 9.941665600003033940e-04 -4.669200003263540668e-07 -3.500359999452484823e-06 3.833009999652859047e-06 -1.333619999786606090e-06 -4.029850000370061121e-06 7.995600004505831940e-07 -8.361799998965580209e-07 4.380339999916032075e-05 -1.669299999775830665e-06 -8.667000001878477658e-07 2.267460001166909913e-06 -3.131120000034570904e-06 3.295999995316378832e-07 -7.965199998579918971e-07 1.062020000244956505e-06 -4.528800000844057904e-06 -3.060000017285346947e-09 1.132200000574812374e-06
1.030301392202999722e+02 1.001300059999630371e-03 -6.332400000246707589e-07 -2.099609999277163304e-06 3.199769999628187971e-06 -2.767939999466761891e-06 -1.399230000970419459e-06 -4.348700000264216334e-07 -3.982599992014002055e-07 7.339399999182205766e-07 -2.468870000302558691e-06 1.068110000051092445e-06 1.367190000019036168e-06 -2.667230000224662825e-06 -1.832589999685296741e-06 7.995599997229873980e-07 -1.342700001259800016e-07 -3.565979999984847546e-06 2.670300003956071909e-07 1.300040000205626658e-06
1.040301392202999722e+02 1.021131900000909727e-03 -2.700800000457093327e-06 -1.033020000613760307e-06 2.635180000652326400e-06 -1.768490000540623466e-06 -1.531979999708710224e-06 4.318300001614261325e-07 -2.499389999866252958e-06 9.017900003527757002e-07 -7.019000004220288772e-07 1.365660000010393585e-06 -2.639800004544668048e-07 -2.101129999937256956e-06 -1.133729999128263365e-06 3.326400001242291271e-07 1.342799994745291702e-07 -2.333070000167935895e-06 -1.300049999554175800e-06 2.265929999703075739e-06
1.050301392202999722e+02 1.202664179999555832e-03 2.655200005392543785e-07 -3.799440000148024342e-06 4.534900000726338782e-06 -3.735340001003351067e-06 -2.862559999630321025e-06 3.997799998614936990e-07 -5.370999992010183966e-07 -1.794440000958275021e-06 3.396600000269245318e-06 7.324200007133186221e-07 -7.324200007133186221e-07 -1.065060000109952006e-06 -2.203360000567045047e-06 1.135240000439807875e-06 -3.066999999282416161e-06 1.602159999310970297e-06 -5.136099999072030348e-06 5.465699998603667913e-06
1.060301392202999722e+02 1.246064759998989808e-03 2.066040001227520614e-06 -3.067020000889897206e-06 4.199220000009518199e-06 -2.865599999495316314e-06 -4.397579999931621910e-06 1.464839999971445652e-06 -7.354800007306038934e-07 -1.663199999893549787e-06 2.130120000219904012e-06 1.202399999601766527e-06 3.997799998614936990e-07 -2.798459999030456158e-06 -1.470960000006016407e-06 1.937880000332370209e-06 -4.071060000569559810e-06 1.605239999480545550e-06 -3.936779999639838651e-06 2.600100000563543192e-06
1.070301392202999722e+02 1.305798340000183114e-03 1.533509999717352807e-06 7.659900002181530100e-07 1.533509999717352807e-06 -1.605220000055851470e-06 -4.963699999643722283e-06 2.499399999942397684e-06 4.579999949783087072e-09 -2.137760000186972199e-06 -6.408999979612417254e-08 9.353699999337550263e-07 1.026920000003883633e-06 -3.965760000573936777e-06 7.980300004419405054e-07 3.662000017357058987e-08 -2.536010000039823475e-06 -1.968399999896064369e-07 -2.836609999940265053e-06 2.066039999772329022e-06
1.080301392202999722e+02 1.259698489998845603e-03 -8.987399996840394652e-07 2.197270000033313522e-06 2.334600001631770334e-07 -5.691499995009508301e-07 -4.167180000513326500e-06 1.834119999693939535e-06 3.707800002302974476e-07 -4.028299998026341380e-07 -2.131670000380836471e-06 8.331300006830133779e-07 -3.660000074887648317e-08 -4.998779999004909696e-06 4.766849999577970855e-06 -4.501350000646198580e-06 -5.654159999539843172e-06 5.455789999541593888e-06 -2.435309999418677967e-06 6.683500003418885695e-07
1.090301392202999722e+02 1.248831170000630703e-03 1.685378999995009396e-04 -1.683364799995615507e-04 -6.714000046486035462e-08 -5.309999993187375185e-07 -2.532960000098683036e-06 -7.324200007133186221e-07 -8.026199997402727751e-07 2.001959999324754031e-06 -3.070079999451991202e-06 6.011999998008832635e-07 1.068120000127237383e-06 -5.264280000119469782e-06 4.132080000999849635e-06 -4.800420001265592949e-06 3.463740000734105898e-06 -2.395620000606868303e-06 -2.200319999246858165e-06 -6.714000046486035462e-08
1.100301392202999722e+02 1.288265999998839187e-03 2.077362000010907531e-04 -2.059997600008500718e-04 -1.135240000439807875e-06 -2.795419999165460445e-06 1.464839999971445652e-06 -2.999880000425037049e-06 -4.443663999991258296e-05 2.104179999878397395e-06 -9.368799997901078386e-07 -3.997799998614936990e-07 2.301020000595599469e-06 -4.562380000425036913e-06 2.376647999997658208e-04 -2.381988599998294460e-04 1.361089999409159705e-06 -1.594549998844740916e-06 -2.468860000226413965e-06 -1.098328000080073309e-05
1.110301392202999722e+02 1.125933840000652771e-03 1.852340600002207703e-04 -1.878997700005129471e-04 3.297420000308193463e-06 -5.662529999972321481e-06 4.402149999805260206e-06 -3.900150000117719203e-06 2.496185999989393071e-05 -8.606000003055668878e-07 1.193240001157391864e-06 6.713999900966882884e-08 1.870739999867510053e-06 -3.863539999292697617e-06 1.593292199991992698e-04 -1.607971199991880076e-04 2.526860000216402157e-06 -3.195180000329856019e-06 -1.269540000066626895e-06 7.354800007306038934e-07
1.120301392202999722e+02 1.060234079999645539e-03 3.997800005890894420e-07 -2.799990000494290332e-06 3.633110000373562976e-06 -7.197569999698316447e-06 4.435729999386240061e-06 -2.632129999983590165e-06 -1.405339999473653683e-06 -7.598900003358721320e-07 5.264300001726951250e-07 -6.713999973726458511e-08 1.234429999021813288e-06 -4.762269999628187834e-06 1.693730000260984576e-06 -8.255000000644941212e-07 1.628120000532362586e-06 -3.363030000764411036e-06 2.898000020650215461e-08 -1.733399999648099736e-06
1.130301392202999722e+02 1.010067749999870928e-03 -3.326400001242291271e-07 -3.700249999383231540e-06 4.667649999464629547e-06 -4.237360000115586149e-06 1.603700000123353614e-06 -1.600649999454617590e-06 -2.499380000517703604e-06 9.916999988490715559e-08 3.982599999289959485e-07 -2.654999996593687593e-07 -4.364000000350642690e-07 -3.063970000221160971e-06 1.530000736238434916e-09 -3.677400003653019467e-07 3.601079999498324411e-06 -4.301459999987855220e-06 3.052000029128976474e-08 -7.324199999857228261e-07
1.140301392202999722e+02 1.015402219998941258e-03 6.012000012560747496e-07 -3.466800000751391063e-06 3.134159999899566193e-06 -2.474979999533388923e-06 1.870739999867510053e-06 -2.133180000237189178e-06 -2.197279999381862453e-06 -2.685400002519600032e-07 -7.324200007133186221e-07 6.011800011037848734e-07 1.953200000571087129e-07 -3.997800000070128476e-06 -1.312200009124353586e-07 -5.371199993533082728e-07 3.469859999313485060e-06 -1.669319999928120541e-06 -1.934820000315085043e-06 1.983599999221041874e-07
1.150301392202999722e+02 9.855682299996261497e-04 8.026199997402727751e-07 -2.001959999324754031e-06 1.867679999850224675e-06 -2.001960000779945199e-06 7.995599997229873980e-07 -1.068120000127237383e-06 -3.662099999201018440e-06 -6.099999882280826783e-09 -6.104000058257952949e-08 3.997799998614936990e-07 8.667000001878477658e-07 -4.669180000200867502e-06 -4.133148999899276423e-05 -1.602170000842306827e-06 2.069089999713469461e-06 -1.068119999399641587e-06 -1.031489999877521716e-06 5.996699997922405750e-07
1.160301392202999722e+02 8.279998699996213339e-04 5.661100003635511251e-07 -2.032470000267494316e-06 2.598570000554900609e-06 -2.400210000632796474e-06 1.335139999719103734e-06 -1.934809999511344521e-06 -2.465819999633822456e-06 -3.357000023243017731e-08 3.662099996290635151e-07 -6.988499997532926422e-07 1.066590000118594589e-06 -4.367070000444073641e-06 4.619903000057092534e-05 -1.065060000109952006e-06 1.333620000514201886e-06 5.981399997835978864e-07 -3.063960000872612040e-06 8.636400001705623887e-07
1.170301392202999722e+02 9.862640400002419851e-04 -7.324199999857228261e-07 -1.968389999819919325e-06 5.433659999835072434e-06 -4.733280000073136573e-06 -2.990699998917989432e-07 -1.367190000019036168e-06 -2.467350000370060835e-06 6.668100002571009428e-07 1.202399999601766527e-06 1.663200004259124351e-07 -1.701360000151908036e-06 -1.531979999708710224e-06 9.917999996105209370e-08 -3.997799998614936990e-07 2.670299996680114478e-07 3.326400001242291271e-07 -3.799440000148024342e-06 1.098639999690931226e-06
1.180301392202999722e+02 1.001028440000663886e-03 1.599119999445974796e-06 -1.866149999841582093e-06 1.799009999376721725e-06 -1.995849999366328003e-06 -7.675199994991999026e-07 -1.333620000514201886e-06 -2.349800008232705269e-07 1.669310000579571399e-06 -5.355799999961163362e-07 -5.691599995770957682e-07 -2.960199999506585042e-07 -2.066040000499924818e-06 -6.683300001895986933e-07 -4.318200000852811944e-07 3.982500005804468064e-07 2.014099998632446000e-07 -1.931759999570204082e-06 -1.667790000647073542e-06
1.190301392202999722e+02 9.705658000006224442e-04 1.867659999697934799e-06 -3.201280000212136473e-06 4.800399999658111904e-06 -3.332519999821670328e-06 -6.712000031257047841e-08 -2.401739999186247465e-06 3.013457999913953284e-05 -1.399229999515228079e-06 -4.653899995901156352e-07 7.995599997229873980e-07 -5.706800002371892087e-07 -4.959099998814053801e-07 9.917999996105209370e-08 -2.299490000586956886e-06 1.199330000963527804e-06 -7.308900007046759335e-07 -3.672789999836822863e-06 -3.326499994727782692e-07
1.200301392202999722e+02 9.517654399998718567e-04 1.898210000217659464e-06 -5.632020000484772364e-06 5.165100000886014146e-06 -1.870740000595105849e-06 -1.863099999900441654e-06 7.003899998380802689e-07 4.030303999970783423e-05 -8.056799997575581523e-07 -2.261319999524857691e-06 1.199319999432191274e-06 9.277200006181373794e-07 -2.264399999694433156e-06 2.136239998799283175e-06 -5.068960000062360937e-06 1.669319999928120541e-06 5.981200010864994963e-07 -5.270380000001750660e-06 6.713999900966882884e-08
1.210301392202999722e+02 8.354324300002190186e-04 3.265379999356810172e-06 -4.467760000261477779e-06 7.324200007133186221e-07 -5.340600007912143818e-07 -4.638599988538772036e-07 -5.340600007912143818e-07 -2.655000003869645552e-07 -3.326599995489232074e-07 -2.935779999825172183e-06 1.800539999385364308e-06 5.981400012387893725e-07 -1.129160000709816873e-06 2.532960000098683036e-06 -5.801379999320488496e-06 1.333619999059010294e-06 7.995599997229873980e-07 -4.400639999948907923e-06 -1.342799994745291702e-07
1.220301392202999722e+02 9.731994700006908229e-04 2.131649999500950799e-06 -2.432449399990844205e-04 2.395111099993926015e-04 1.533510000444948603e-06 -5.020100004912819483e-07 -1.998900000035064238e-06 2.014100005908403430e-07 -1.342800009297207092e-07 -3.900139999313978257e-06 2.134699999442091238e-06 -5.676299995684530796e-07 -4.669100002502091287e-07 8.682200001203455163e-07 -2.201840000634547190e-06 6.668100009846966329e-07 -1.434330000483896536e-06 -1.797489999444223869e-06 1.663199996983166656e-07
1.230301392202999722e+02 9.617340100005094313e-04 1.864619999832939298e-06 -2.322494499996537426e-04 2.288513199993758419e-04 2.531430000817635825e-06 -9.918000068864784997e-08 -3.700259999459376690e-06 2.334599994355812639e-07 1.399230000242823663e-06 -3.399660000286530907e-06 1.000007614493370104e-11 -5.661100003635511251e-07 -1.678399996308144160e-07 2.168269999674521316e-06 -2.467339999566320312e-06 3.341600000567268776e-07 -2.067559999704826454e-06 6.560999900102615350e-08 -6.317099992884322743e-07
1.240301392202999722e+02 8.977996900008292742e-04 1.800519999233074431e-06 -2.606658000004245064e-05 2.180023999972036173e-05 2.865600000950507906e-06 -1.397720001114066753e-06 -1.934800000162795167e-06 -2.200319999246858165e-06 2.999880000425037049e-06 -1.266480000049341518e-06 -3.198240000347141184e-06 -3.356999994139187083e-07 1.132199999119620782e-06 2.401740000641439057e-06 1.386414000007789590e-05 -1.653138000110630052e-05 -2.865599999495316314e-06 6.011999998008832635e-07 6.408000044757500395e-08
1.250301392202999722e+02 8.757324199999856878e-04 1.632689999678405086e-06 -1.097099998878547910e-06 -2.069100000517209983e-06 2.270520000456599706e-06 -6.668100002571009428e-07 -3.067020000162301410e-06 -2.236949999496573409e-06 -2.304000008734874523e-07 3.311100001155864386e-07 1.333620000514201886e-06 -1.231380000535864441e-06 5.004899998311885077e-07 5.966200005786959319e-07 -2.871627500026079443e-05 2.714919500031101070e-05 -3.630070000508567263e-06 6.347700000333134475e-07 2.264399999694433156e-06
1.260301392202999722e+02 9.300018400004773401e-04 1.733399999648099736e-06 -1.602180000190855969e-06 -1.332089999777963295e-06 2.499389999866252958e-06 -1.463309999962803070e-06 -1.033029999234713653e-06 -2.436830000806366992e-06 -1.396169999497942702e-06 -1.136779999796999600e-06 3.233329999784473322e-06 -1.332089999777963295e-06 -6.561000045621767928e-08 1.463320000038948008e-06 -2.232360000198241457e-06 -1.132209999923361516e-06 -8.987399996840394652e-07 -3.021299999090842674e-07 2.166749999742023460e-06
1.270301392202999722e+02 1.199497214999428307e-03 -1.279525499994633659e-05 -5.474849999882280823e-06 2.607729999726870856e-06 8.285399999294895162e-07 -1.664729999902192581e-06 1.966859999811276743e-06 -2.497859999857609951e-06 -2.702339999086689044e-06 3.059999289689585711e-09 1.799010000104317521e-06 -1.304629999503959033e-06 -1.463320000038948008e-06 3.535469999769702634e-06 -3.668219999963184991e-06 -2.297969999926863234e-06 1.261890000023413346e-06 -2.467340000293916108e-06 2.931220000027679037e-06
1.280301392202999580e+02 1.370263659999182079e-03 8.667000001878477658e-07 -6.198119999316987065e-06 3.134159999899566193e-06 8.636400001705623887e-07 2.263183999966713483e-05 -2.263487999953213054e-05 2.317045999952824846e-05 -1.734920000308193176e-06 -4.974399998900480687e-07 1.698310000210767597e-06 -1.132209999923361516e-06 -9.033100002852734507e-07 1.770010000473121111e-06 -3.033450000657467128e-06 -1.866149999841582093e-06 1.562510000803740597e-06 -3.729250001197215338e-06 3.932190000341506275e-06
1.290301392202999580e+02 1.581466670000372795e-03 1.963810000597732100e-06 -8.946533000053022314e-05 8.613127999997232417e-05 6.698600001982412760e-07 3.763122999953338838e-05 -3.776854999960051158e-05 4.003294999929494092e-05 -1.718689000001177142e-04 1.674682800003210958e-04 1.531980000436306020e-06 -1.698608599996077721e-04 1.695983999990858268e-04 1.797480000823270522e-06 -1.725311200003488965e-04 -2.865599999495316314e-06 1.713989199997740772e-04 -1.724639599997317325e-04 1.728667999996105103e-04
1.300301392202999580e+02 1.789103709999471980e-03 1.760860000649700005e-06 -3.041931100007786879e-04 3.001602100004674813e-04 7.705600000917911995e-07 -4.437239999970188564e-06 4.667670000344515219e-06 -1.535049999802140539e-06 -3.043334900008630743e-04 3.161758400002611085e-04 -1.550751000007153451e-05 -3.023300200002268035e-04 3.015960800003085734e-04 1.567069999873638158e-06 -3.037002500001108459e-04 -2.499389999866252958e-06 3.020660299996961724e-04 -3.038619999999355023e-04 3.027328500007570099e-04
