# r	h_0	h_1	
5.000000000000000000e-01 2.521184921500000087e+02 3.426803588999999874e+02
1.500000000000000000e+00 2.527673492999999780e+02 3.432903595000000223e+02
2.500000000000000000e+00 2.524630126999999220e+02 3.439526824999999235e+02
3.500000000000000000e+00 2.521366729999999734e+02 3.445656738499999392e+02
4.500000000000000000e+00 2.527271575999999413e+02 3.442996825999998691e+02
5.500000000000000000e+00 2.532177010000001474e+02 3.436256561500001681e+02
6.500000000000000000e+00 2.538963165999998637e+02 3.429800110000001041e+02
7.500000000000000000e+00 2.536718139500001143e+02 3.427128601999997954e+02
8.500000000000000000e+00 2.543596725499999138e+02 3.432247009000002436e+02
9.500000000000000000e+00 2.546730041999999230e+02 3.429831543000000238e+02
1.050000000000000000e+01 2.552401505000002544e+02 3.434223327999998219e+02
1.150000000000000000e+01 2.547168350000001737e+02 3.427031708499998786e+02
1.250000000000000000e+01 2.549620055999998840e+02 3.429771728999999141e+02
1.350000000000000000e+01 2.547416839999996228e+02 3.427583312999995542e+02
1.450000000000000000e+01 2.552598418999996284e+02 3.432615051499997207e+02
1.550000000000000000e+01 2.549696655999996437e+02 3.439381866999992781e+02
1.650000000000000000e+01 2.546693420500000684e+02 3.445973358500004906e+02
1.750000000000000000e+01 2.560296745750001719e+02 3.451743316500005676e+02
1.850000000000000000e+01 2.574986724999998842e+02 3.456340027000005648e+02
1.950000000000000000e+01 2.577300110500000301e+02 3.464564616333330491e+02
2.050000000000000000e+01 2.582114075199999093e+02 3.476611785999994026e+02
2.150000000000000000e+01 2.602923431499993967e+02 3.492261657500002912e+02
2.250000000000000000e+01 2.607519836999999825e+02 3.493275451666661979e+02
2.350000000000000000e+01 2.612641601499999524e+02 3.514753315999999472e+02
2.450000000000000000e+01 2.627522278000001279e+02 3.524054870500003744e+02
2.550000000000000000e+01 2.655089904999996975e+02 3.531174774499986597e+02
2.650000000000000000e+01 2.686739868399999978e+02 3.534406739000005473e+02
2.750000000000000000e+01 2.703808288499994887e+02 3.540228576999998040e+02
2.850000000000000000e+01 2.724326721400000793e+02 3.568195686624994778e+02
2.950000000000000000e+01 2.740159912000017357e+02 3.596510010000001785e+02
3.050000000000000000e+01 2.744749908499998128e+02 3.593489990000016405e+02
3.150000000000000000e+01 2.750865173499987577e+02 3.590433350000002974e+02
3.250000000000000000e+01 2.757519988999993075e+02 3.601308212750000166e+02
3.350000000000000000e+01 2.761119995000008203e+02 3.608311462333343229e+02
3.450000000000000000e+01 2.766699982000009186e+02 3.621959991499988973e+02
3.550000000000000000e+01 2.761376648000004934e+02 3.616291656499997771e+02
3.650000000000000000e+01 2.755030212999990908e+02 3.619140014499989775e+02
3.750000000000000000e+01 2.748181610000010551e+02 3.634260101499994562e+02
3.850000000000000000e+01 2.748959962000008090e+02 3.637976989999988291e+02
3.950000000000000000e+01 2.750603485500014358e+02 3.631500091999987490e+02
4.050000000000000000e+01 2.753808594000001904e+02 3.634181824000006600e+02
4.150000000000000000e+01 2.751203308000003744e+02 3.630803223000002617e+02
4.250000000000000000e+01 2.739547832000001222e+02 3.627628327000002173e+02
4.350000000000000000e+01 2.728086852999986149e+02 3.632790222000003268e+02
4.450000000000000000e+01 2.722046661999993376e+02 3.626773529000020062e+02
4.550000000000000000e+01 2.715579833999981929e+02 3.620859984999988228e+02
4.650000000000000000e+01 2.711509704999989481e+02 3.616650086000008741e+02
4.750000000000000000e+01 2.705269775500000833e+02 3.621953430499997921e+02
4.850000000000000000e+01 2.699016723999993701e+02 3.616650086000008741e+02
4.950000000000000000e+01 2.704051666499999556e+02 3.619408264500016230e+02
5.050000000000000000e+01 2.700639953999998397e+02 3.625209961000000476e+02
5.150000000000000000e+01 2.697643280499996763e+02 3.623196716000020388e+02
5.250000000000000000e+01 2.701088409499989211e+02 3.618616638000021339e+02
5.350000000000000000e+01 2.694586792000009154e+02 3.615418396499990195e+02
5.450000000000000000e+01 2.689813232000014978e+02 3.620340271000022767e+02
5.550000000000000000e+01 2.683623352499998873e+02 3.613826751500018872e+02
5.650000000000000000e+01 2.671267700333337416e+02 3.607586975000012899e+02
5.750000000000000000e+01 2.659726561999996193e+02 3.601728210999972362e+02
5.850000000000000000e+01 2.654696656000014627e+02 3.595703125000000000e+02
5.950000000000000000e+01 2.647799988000006124e+02 3.591253357000023243e+02
6.050000000000000000e+01 2.649804992499994114e+02 3.584904937999999675e+02
6.150000000000000000e+01 2.647543335000009392e+02 3.578816834000026574e+02
6.250000000000000000e+01 2.643526610999979312e+02 3.574540406000014627e+02
6.350000000000000000e+01 2.637306824500010407e+02 3.568015136499998334e+02
6.450000000000000000e+01 2.640460052499984158e+02 3.561733399000004283e+02
6.550000000000000000e+01 2.637133484000005410e+02 3.555656738500001666e+02
6.650000000000000000e+01 2.634059906000002229e+02 3.542104390666669929e+02
6.750000000000000000e+01 2.639320068000015453e+02 3.530276794000019436e+02
6.850000000000000000e+01 2.633366699500002142e+02 3.527720184999998310e+02
6.950000000000000000e+01 2.627223205999980564e+02 3.532926940999968792e+02
7.050000000000000000e+01 2.624401703000003181e+02 3.528486634000000777e+02
7.150000000000000000e+01 2.629093323999986751e+02 3.533551635999974678e+02
7.250000000000000000e+01 2.622368468999993638e+02 3.528513336500000150e+02
7.350000000000000000e+01 2.625153351000008115e+02 3.512610168666676032e+02
7.450000000000000000e+01 2.622743530000007013e+02 3.503443297999983770e+02
7.550000000000000000e+01 2.618853455999997095e+02 3.497040100999984134e+02
7.650000000000000000e+01 2.612695007500005886e+02 3.491329955999972299e+02
7.750000000000000000e+01 2.606283264000012423e+02 3.479483338000015351e+02
7.850000000000000000e+01 2.599831695499997295e+02 3.468153382000018610e+02
7.950000000000000000e+01 2.593386841000028653e+02 3.464149780000007013e+02
8.050000000000000000e+01 2.589160155999998096e+02 3.457864837999986776e+02
8.150000000000000000e+01 2.582618560999981128e+02 3.444211019000019292e+02
8.250000000000000000e+01 2.576007079999981215e+02 3.432189941999968141e+02
8.350000000000000000e+01 2.571803588999973726e+02 3.428393250000008265e+02
8.450000000000000000e+01 2.576905059999990044e+02 3.422153168000004371e+02
8.550000000000000000e+01 2.571959839000010106e+02 3.415623169000027701e+02
8.650000000000000000e+01 2.574328308500007552e+02 3.409355163500003982e+02
8.750000000000000000e+01 2.571940002999981516e+02 3.403680115000024671e+02
8.850000000000000000e+01 2.567636719000001904e+02 3.399286500000016531e+02
8.950000000000000000e+01 2.561180038499987859e+02 3.393059997500022291e+02
9.050000000000000000e+01 2.555226897999964422e+02 3.387146607000031509e+02
9.150000000000000000e+01 2.549225082500015560e+02 3.383139953999998397e+02
9.250000000000000000e+01 2.551143493999989005e+02 3.380426788999975543e+02
9.350000000000000000e+01 2.551590195499993570e+02 3.382908324999989418e+02
9.450000000000000000e+01 2.545940170499998203e+02 3.377576751999986300e+02
9.550000000000000000e+01 2.550956879000004847e+02 3.382413329999981215e+02
9.650000000000000000e+01 2.546950225999971735e+02 3.378166503999964334e+02
9.750000000000000000e+01 2.540460205500021402e+02 3.371819762999984960e+02
9.850000000000000000e+01 2.534489898999963771e+02 3.365263672000000952e+02
9.950000000000000000e+01 2.530959930000026361e+02 3.359428558500003419e+02
1.005000000000000000e+02 2.524973374000001058e+02 3.353096618999989005e+02
1.015000000000000000e+02 2.518856812000012724e+02 3.348800049999990733e+02
1.025000000000000000e+02 2.512310104500029411e+02 3.345269928000016080e+02
1.035000000000000000e+02 2.505513305999993463e+02 3.352150116000011622e+02
1.045000000000000000e+02 2.500969849000030081e+02 3.357633361999978661e+02
1.055000000000000000e+02 2.499440002500014089e+02 3.350825195500001428e+02
1.065000000000000000e+02 2.502298583999981929e+02 3.344586487000051420e+02
1.075000000000000000e+02 2.495166930999985198e+02 3.342613677999979700e+02
1.085000000000000000e+02 2.491246947999970871e+02 3.347540282999980263e+02
1.095000000000000000e+02 2.484568481499991321e+02 3.340533600499984459e+02
1.105000000000000000e+02 2.487195205499992881e+02 3.342963257000010344e+02
1.115000000000000000e+02 2.501381645500005106e+02 3.348191528500028653e+02
1.125000000000000000e+02 2.514734878499984916e+02 3.353163452000007965e+02
1.135000000000000000e+02 2.511219788000016706e+02 3.355193329000030644e+02
1.145000000000000000e+02 2.508314896000010776e+02 3.358334809000007226e+02
1.155000000000000000e+02 2.513656616000007489e+02 3.364574737500006449e+02
1.165000000000000000e+02 2.511743392999997013e+02 3.369306642000010470e+02
1.175000000000000000e+02 2.513951721499979612e+02 3.369768219500037958e+02
1.185000000000000000e+02 2.508294983499981754e+02 3.364463348499994026e+02
1.195000000000000000e+02 2.514173279000024195e+02 3.377483368249995692e+02
1.205000000000000000e+02 2.510023346000016318e+02 3.390093384000065271e+02
1.215000000000000000e+02 2.503395004499980132e+02 3.395935058500035666e+02
1.225000000000000000e+02 2.497343445000005886e+02 3.390308380499991472e+02
1.235000000000000000e+02 2.502443466500008071e+02 3.392936554000043543e+02
1.245000000000000000e+02 2.499203492000015103e+02 3.407444992249984352e+02
1.255000000000000000e+02 2.495901718499990238e+02 3.420478210500004934e+02
1.265000000000000000e+02 2.499444885000011709e+02 3.417566529000032460e+02
1.275000000000000000e+02 2.505471572999995260e+02 3.414384918499999912e+02
1.285000000000000000e+02 2.513589934999981779e+02 3.419563293999963207e+02
1.295000000000000000e+02 2.511409836499988160e+02 3.417000122500030557e+02
