-1.000000000000000000e+01 -1.000000000000000000e+01 -1.000000000000000000e+01
-9.801980198019801804e+00 -9.801980198019801804e+00 -9.801980198019801804e+00
-9.603960396039603609e+00 -9.603960396039603609e+00 -9.603960396039603609e+00
-9.405940594059405413e+00 -9.405940594059405413e+00 -9.405940594059405413e+00
-9.207920792079207217e+00 -9.207920792079207217e+00 -9.207920792079207217e+00
-9.009900990099009022e+00 -9.009900990099009022e+00 -9.009900990099009022e+00
-8.811881188118810826e+00 -8.811881188118810826e+00 -8.811881188118810826e+00
-8.613861386138614407e+00 -8.613861386138614407e+00 -8.613861386138614407e+00
-8.415841584158416211e+00 -8.415841584158416211e+00 -8.415841584158416211e+00
-8.217821782178218015e+00 -8.217821782178218015e+00 -8.217821782178218015e+00
-8.019801980198019820e+00 -8.019801980198019820e+00 -8.019801980198019820e+00
-7.821782178217821624e+00 -7.821782178217821624e+00 -7.821782178217821624e+00
-7.623762376237623428e+00 -7.623762376237623428e+00 -7.623762376237623428e+00
-7.425742574257425233e+00 -7.425742574257425233e+00 -7.425742574257425233e+00
-7.227722772277227037e+00 -7.227722772277227037e+00 -7.227722772277227037e+00
-7.029702970297029729e+00 -7.029702970297029729e+00 -7.029702970297029729e+00
-6.831683168316831534e+00 -6.831683168316831534e+00 -6.831683168316831534e+00
-6.633663366336633338e+00 -6.633663366336633338e+00 -6.633663366336633338e+00
-6.435643564356436030e+00 -6.435643564356436030e+00 -6.435643564356436030e+00
-6.237623762376237835e+00 -6.237623762376237835e+00 -6.237623762376237835e+00
-6.039603960396039639e+00 -6.039603960396039639e+00 -6.039603960396039639e+00
-5.841584158415841443e+00 -5.841584158415841443e+00 -5.841584158415841443e+00
-5.643564356435643248e+00 -5.643564356435643248e+00 -5.643564356435643248e+00
-5.445544554455445052e+00 -5.445544554455445052e+00 -5.445544554455445052e+00
-5.247524752475246856e+00 -5.247524752475246856e+00 -5.247524752475246856e+00
-5.049504950495049549e+00 -5.049504950495049549e+00 -5.049504950495049549e+00
-4.851485148514851353e+00 -4.851485148514851353e+00 -4.851485148514851353e+00
-4.653465346534653158e+00 -4.653465346534653158e+00 -4.653465346534653158e+00
-4.455445544554454962e+00 -4.455445544554454962e+00 -4.455445544554454962e+00
-4.257425742574256766e+00 -4.257425742574256766e+00 -4.257425742574256766e+00
-4.059405940594059459e+00 -4.059405940594059459e+00 -4.059405940594059459e+00
-3.861386138613861263e+00 -3.861386138613861263e+00 -3.861386138613861263e+00
-3.663366336633663067e+00 -3.663366336633663067e+00 -3.663366336633663067e+00
-3.465346534653464872e+00 -3.465346534653464872e+00 -3.465346534653464872e+00
-3.267326732673266676e+00 -3.267326732673266676e+00 -3.267326732673266676e+00
-3.069306930693069368e+00 -3.069306930693069368e+00 -3.069306930693069368e+00
-2.871287128712871173e+00 -2.871287128712871173e+00 -2.871287128712871173e+00
-2.673267326732672977e+00 -2.673267326732672977e+00 -2.673267326732672977e+00
-2.475247524752474781e+00 -2.475247524752474781e+00 -2.475247524752474781e+00
-2.277227722772276586e+00 -2.277227722772276586e+00 -2.277227722772276586e+00
-2.079207920792079278e+00 -2.079207920792079278e+00 -2.079207920792079278e+00
-1.881188118811881083e+00 -1.881188118811881083e+00 -1.881188118811881083e+00
-1.683168316831682887e+00 -1.683168316831682887e+00 -1.683168316831682887e+00
-1.485148514851484691e+00 -1.485148514851484691e+00 -1.485148514851484691e+00
-1.287128712871286496e+00 -1.287128712871286496e+00 -1.287128712871286496e+00
-1.089108910891088300e+00 -1.089108910891088300e+00 -1.089108910891088300e+00
-8.910891089108901042e-01 -8.910891089108901042e-01 -8.910891089108901042e-01
-6.930693069306919085e-01 -6.930693069306919085e-01 -6.930693069306919085e-01
-4.950495049504937128e-01 -4.950495049504937128e-01 -4.950495049504937128e-01
-2.970297029702972935e-01 -2.970297029702972935e-01 -2.970297029702972935e-01
-9.900990099009909784e-02 -9.900990099009909784e-02 -9.900990099009909784e-02
9.900990099009909784e-02 9.900990099009909784e-02 9.900990099009909784e-02
2.970297029702972935e-01 2.970297029702972935e-01 2.970297029702972935e-01
4.950495049504954892e-01 4.950495049504954892e-01 4.950495049504954892e-01
6.930693069306936849e-01 6.930693069306936849e-01 6.930693069306936849e-01
8.910891089108918806e-01 8.910891089108918806e-01 8.910891089108918806e-01
1.089108910891090076e+00 1.089108910891090076e+00 1.089108910891090076e+00
1.287128712871288272e+00 1.287128712871288272e+00 1.287128712871288272e+00
1.485148514851486468e+00 1.485148514851486468e+00 1.485148514851486468e+00
1.683168316831682887e+00 1.683168316831682887e+00 1.683168316831682887e+00
1.881188118811881083e+00 1.881188118811881083e+00 1.881188118811881083e+00
2.079207920792079278e+00 2.079207920792079278e+00 2.079207920792079278e+00
2.277227722772277474e+00 2.277227722772277474e+00 2.277227722772277474e+00
2.475247524752475670e+00 2.475247524752475670e+00 2.475247524752475670e+00
2.673267326732673865e+00 2.673267326732673865e+00 2.673267326732673865e+00
2.871287128712872061e+00 2.871287128712872061e+00 2.871287128712872061e+00
3.069306930693070257e+00 3.069306930693070257e+00 3.069306930693070257e+00
3.267326732673268452e+00 3.267326732673268452e+00 3.267326732673268452e+00
3.465346534653466648e+00 3.465346534653466648e+00 3.465346534653466648e+00
3.663366336633664844e+00 3.663366336633664844e+00 3.663366336633664844e+00
3.861386138613861263e+00 3.861386138613861263e+00 3.861386138613861263e+00
4.059405940594059459e+00 4.059405940594059459e+00 4.059405940594059459e+00
4.257425742574257654e+00 4.257425742574257654e+00 4.257425742574257654e+00
4.455445544554455850e+00 4.455445544554455850e+00 4.455445544554455850e+00
4.653465346534654046e+00 4.653465346534654046e+00 4.653465346534654046e+00
4.851485148514852241e+00 4.851485148514852241e+00 4.851485148514852241e+00
5.049504950495050437e+00 5.049504950495050437e+00 5.049504950495050437e+00
5.247524752475248633e+00 5.247524752475248633e+00 5.247524752475248633e+00
5.445544554455446828e+00 5.445544554455446828e+00 5.445544554455446828e+00
5.643564356435645024e+00 5.643564356435645024e+00 5.643564356435645024e+00
5.841584158415841443e+00 5.841584158415841443e+00 5.841584158415841443e+00
6.039603960396039639e+00 6.039603960396039639e+00 6.039603960396039639e+00
6.237623762376237835e+00 6.237623762376237835e+00 6.237623762376237835e+00
6.435643564356436030e+00 6.435643564356436030e+00 6.435643564356436030e+00
6.633663366336634226e+00 6.633663366336634226e+00 6.633663366336634226e+00
6.831683168316832422e+00 6.831683168316832422e+00 6.831683168316832422e+00
7.029702970297030618e+00 7.029702970297030618e+00 7.029702970297030618e+00
7.227722772277228813e+00 7.227722772277228813e+00 7.227722772277228813e+00
7.425742574257427009e+00 7.425742574257427009e+00 7.425742574257427009e+00
7.623762376237625205e+00 7.623762376237625205e+00 7.623762376237625205e+00
7.821782178217823400e+00 7.821782178217823400e+00 7.821782178217823400e+00
8.019801980198021596e+00 8.019801980198021596e+00 8.019801980198021596e+00
8.217821782178219792e+00 8.217821782178219792e+00 8.217821782178219792e+00
8.415841584158417987e+00 8.415841584158417987e+00 8.415841584158417987e+00
8.613861386138616183e+00 8.613861386138616183e+00 8.613861386138616183e+00
8.811881188118814379e+00 8.811881188118814379e+00 8.811881188118814379e+00
9.009900990099012574e+00 9.009900990099012574e+00 9.009900990099012574e+00
9.207920792079207217e+00 9.207920792079207217e+00 9.207920792079207217e+00
9.405940594059405413e+00 9.405940594059405413e+00 9.405940594059405413e+00
9.603960396039603609e+00 9.603960396039603609e+00 9.603960396039603609e+00
9.801980198019801804e+00 9.801980198019801804e+00 9.801980198019801804e+00
1.000000000000000000e+01 1.000000000000000000e+01 1.000000000000000000e+01
