# r	p	err_p
nan 1.019510470069899533e-01 2.896125447706044591e-04
3.521616089264173244e+00 8.595524774218388231e-02 2.061198204611472602e-04
4.326523353846132736e+00 9.338258586975026199e-02 2.142124761855243901e-04
4.977726235486532147e+00 9.106702996376557502e-02 1.340240931472529888e-04
5.586476706606333664e+00 9.191682836660465539e-02 1.317413648970123434e-04
6.116264352501482371e+00 9.157661314534400188e-02 1.489463419663930891e-04
6.605662893849536310e+00 9.189983633512455174e-02 9.878072240742626412e-05
7.054156629787061483e+00 9.263544927210429214e-02 6.647965892429535256e-04
7.487604014067028579e+00 9.210720361106788934e-02 2.908414051696007400e-04
