# r	p	err_p
nan 1.008000294602332814e-01 4.649083245568983802e-04
3.523071468599044742e+00 8.725324722976443570e-02 6.303715032518090533e-04
4.326022883021013676e+00 9.343551472607401764e-02 3.224056372927576290e-04
4.975194740556286632e+00 9.122855710346310099e-02 4.460355742597367761e-04
5.588349203273899946e+00 9.219925951486099280e-02 3.228593704813422665e-04
6.117122664200429050e+00 9.083430365007846841e-02 5.296633189628350809e-04
6.604900583372448786e+00 9.182309411438249747e-02 2.266248797548670230e-04
7.053361681818304696e+00 9.252680327348855593e-02 6.882310435158900874e-04
7.486800105948904438e+00 9.228577635793927536e-02 2.553876214505622203e-04
