# r	p	err_p
nan 1.000000000000000000e+00 0.000000000000000000e+00
3.523071468599044742e+00 8.530481852870707149e-01 6.646651456709895328e-04
4.326022883021013676e+00 9.214119957158157792e-01 1.818160726348846338e-04
4.975194740556286632e+00 8.961010954886569069e-01 3.318134609310730704e-04
5.588349203273899946e+00 9.072870183704442315e-01 2.152621448758450446e-04
6.117122664200429050e+00 8.941119749291870367e-01 3.995143496785646519e-04
6.604900583372448786e+00 9.047523314904786229e-01 1.551759484868196748e-04
7.053361681818304696e+00 9.023602985676820731e-01 4.777203482867287761e-04
7.486800105948904438e+00 9.077262630692831680e-01 1.693395127297173662e-04
