-8.000000000000000000e+00 -8.000000000000000000e+00 -8.000000000000000000e+00
-7.698113207547169878e+00 -7.698113207547169878e+00 -7.698113207547169878e+00
-7.396226415094339757e+00 -7.396226415094339757e+00 -7.396226415094339757e+00
-7.094339622641509635e+00 -7.094339622641509635e+00 -7.094339622641509635e+00
-6.792452830188679513e+00 -6.792452830188679513e+00 -6.792452830188679513e+00
-6.490566037735849392e+00 -6.490566037735849392e+00 -6.490566037735849392e+00
-6.188679245283019270e+00 -6.188679245283019270e+00 -6.188679245283019270e+00
-5.886792452830189148e+00 -5.886792452830189148e+00 -5.886792452830189148e+00
-5.584905660377359027e+00 -5.584905660377359027e+00 -5.584905660377359027e+00
-5.283018867924528905e+00 -5.283018867924528905e+00 -5.283018867924528905e+00
-4.981132075471698784e+00 -4.981132075471698784e+00 -4.981132075471698784e+00
-4.679245283018868662e+00 -4.679245283018868662e+00 -4.679245283018868662e+00
-4.377358490566037652e+00 -4.377358490566037652e+00 -4.377358490566037652e+00
-4.075471698113207530e+00 -4.075471698113207530e+00 -4.075471698113207530e+00
-3.773584905660377409e+00 -3.773584905660377409e+00 -3.773584905660377409e+00
-3.471698113207547287e+00 -3.471698113207547287e+00 -3.471698113207547287e+00
-3.169811320754717165e+00 -3.169811320754717165e+00 -3.169811320754717165e+00
-2.867924528301887044e+00 -2.867924528301887044e+00 -2.867924528301887044e+00
-2.566037735849056922e+00 -2.566037735849056922e+00 -2.566037735849056922e+00
-2.264150943396226801e+00 -2.264150943396226801e+00 -2.264150943396226801e+00
-1.962264150943396679e+00 -1.962264150943396679e+00 -1.962264150943396679e+00
-1.660377358490566557e+00 -1.660377358490566557e+00 -1.660377358490566557e+00
-1.358490566037736436e+00 -1.358490566037736436e+00 -1.358490566037736436e+00
-1.056603773584906314e+00 -1.056603773584906314e+00 -1.056603773584906314e+00
-7.547169811320753041e-01 -7.547169811320753041e-01 -7.547169811320753041e-01
-4.528301886792451825e-01 -4.528301886792451825e-01 -4.528301886792451825e-01
-1.509433962264150608e-01 -1.509433962264150608e-01 -1.509433962264150608e-01
1.509433962264150608e-01 1.509433962264150608e-01 1.509433962264150608e-01
4.528301886792451825e-01 4.528301886792451825e-01 4.528301886792451825e-01
7.547169811320753041e-01 7.547169811320753041e-01 7.547169811320753041e-01
1.056603773584905426e+00 1.056603773584905426e+00 1.056603773584905426e+00
1.358490566037735547e+00 1.358490566037735547e+00 1.358490566037735547e+00
1.660377358490565669e+00 1.660377358490565669e+00 1.660377358490565669e+00
1.962264150943395791e+00 1.962264150943395791e+00 1.962264150943395791e+00
2.264150943396225912e+00 2.264150943396225912e+00 2.264150943396225912e+00
2.566037735849056034e+00 2.566037735849056034e+00 2.566037735849056034e+00
2.867924528301886156e+00 2.867924528301886156e+00 2.867924528301886156e+00
3.169811320754716277e+00 3.169811320754716277e+00 3.169811320754716277e+00
3.471698113207546399e+00 3.471698113207546399e+00 3.471698113207546399e+00
3.773584905660376521e+00 3.773584905660376521e+00 3.773584905660376521e+00
4.075471698113206642e+00 4.075471698113206642e+00 4.075471698113206642e+00
4.377358490566036764e+00 4.377358490566036764e+00 4.377358490566036764e+00
4.679245283018866886e+00 4.679245283018866886e+00 4.679245283018866886e+00
4.981132075471697007e+00 4.981132075471697007e+00 4.981132075471697007e+00
5.283018867924527129e+00 5.283018867924527129e+00 5.283018867924527129e+00
5.584905660377357250e+00 5.584905660377357250e+00 5.584905660377357250e+00
5.886792452830187372e+00 5.886792452830187372e+00 5.886792452830187372e+00
6.188679245283017494e+00 6.188679245283017494e+00 6.188679245283017494e+00
6.490566037735849392e+00 6.490566037735849392e+00 6.490566037735849392e+00
6.792452830188679513e+00 6.792452830188679513e+00 6.792452830188679513e+00
7.094339622641509635e+00 7.094339622641509635e+00 7.094339622641509635e+00
7.396226415094339757e+00 7.396226415094339757e+00 7.396226415094339757e+00
7.698113207547169878e+00 7.698113207547169878e+00 7.698113207547169878e+00
8.000000000000000000e+00 8.000000000000000000e+00 8.000000000000000000e+00
