# r	p	err_p
2.662839762904642527e+00 9.755473050825758108e-02 1.403090052169072731e-03
3.519399610274554835e+00 9.639685792349726723e-02 1.978170683613087160e-03
4.343558951120593647e+00 9.987209550202515163e-02 9.979971395662114858e-04
4.993063828361322898e+00 9.918524871355059724e-02 1.412829804528385313e-03
5.587095616680775478e+00 1.014118199876118676e-01 1.003066036665088440e-03
6.126295368857928914e+00 1.002687484003071394e-01 1.730903129543705406e-03
6.615991477325638748e+00 1.009660130299431940e-01 7.090515533626322309e-04
7.054126388511077650e+00 1.117493031506039403e-01 2.045269166200899130e-03
7.497730339875711358e+00 9.885437918194399376e-02 8.141873870398946703e-04
