#icel C66
0 132.025188299986
1 107.756969990032
2 133.615887717997
3 104.909088552995
4 137.437472928605
5 109.332508244006
6 117.640191850023
7 118.355952543061
8 114.066794719497
9 132.31616278527
10 106.485349909497
11 132.697539594983
12 107.468352685009
13 103.628911625947
14 90.161781016991
15 107.951018320102
16 85.7971735059891
17 108.38738054299
18 82.7531036658002
19 102.338803015005
20 86.4781875837025
21 93.1858050703966
22 107.228948105967
23 81.6051261650045
24 111.141899693393
25 85.0958309420093
26 129.427610790026
27 109.515022382038
28 131.401907875988
29 112.123069038012
30 130.126463180022
31 111.56128115399
32 127.064934859004
33 111.84518878099
34 118.775405885003
35 124.477018754988
36 101.086621745981
37 136.816134830951
38 112.341383030198
39 102.740793436033
40 86.1105079070058
41 108.410695439989
42 82.638427528002
43 102.016321689007
44 89.423897837014
45 92.8918277079902
46 96.103721197403
47 88.2949090869715
48 107.744038459987
49 83.8746858609966
50 109.095817693992
51 85.6373219700117
52 130.618021760074
53 107.543063797993
54 133.935914250014
55 109.386973920004
56 132.893851434028
57 108.537405814013
58 119.985222167998
59 117.004650483068
60 118.232569824499
61 121.4969552029
62 103.817651469001
63 130.581511626906
64 111.238689097991
65 108.2619845262
66 85.9340053500091
67 107.403813197993
68 89.9427428039076
69 100.252005815992
70 84.6959767090084
71 88.6410428182018
72 97.5846674592958
73 98.0692712383984
74 111.47396694924
75 86.6836743180102
76 105.405611733022
77 90.1150837489695
78 121.7634113776
79 104.361438216984
80 131.245476919003
81 106.067335943999
82 125.910459282977
83 107.414064275008
84 105.436584683599
85 115.895392626044
86 106.663388075896
87 126.765507821983
88 109.254313815018
89 129.886196386997
90 112.775065980009
91 114.609527273001
92 87.0156947255992
93 118.326972732984
94 87.4697250319969
95 111.135934830008
96 87.5568809792981
97 98.1339211820114
98 110.867897115008
99 92.4135952539928
100 109.343986893055
101 89.4070387473804
102 112.655961626933
103 92.3870999849896
104 103.649532434895
105 86.8394003930007
106 122.83446063321
107 82.5746905250071
108 114.203688258397
109 87.9846566290326
110 95.6396037317973
111 102.947350181989
112 88.2113936839915
113 106.271609402938
114 91.8885717269063
115 105.649323395005
116 89.0271821020178
117 134.589291079965
118 104.708894276973
119 119.783764514978
120 101.102825446969
121 134.639686663991
122 103.004904513
123 112.5574294383
124 118.60755829656
125 97.8650524075988
126 131.400086048006
127 103.619918735967
128 125.586268967982
129 110.861225281997
130 107.150407741983
131 84.495601280014
132 108.554289852987
133 81.6715711290272
134 101.159936913496
135 93.3810815530023
136 99.8189171169997
137 95.2122332079853
138 82.1172073649905
139 109.443729698978
140 80.6444914279382
141 107.674809972013
142 86.4010760399651
143 129.2362485306
144 110.263951133396
145 135.454657790069
146 109.719596673901
147 126.845597710008
148 112.95184584601
149 119.581400792003
150 115.320773540998
151 111.841060541974
152 132.897134900099
153 108.36136667499
154 126.244692239015
155 103.626860390978
156 105.720208057028
157 83.3595482150031
158 106.433830143988
159 92.2284247809785
160 102.833865287994
161 91.3982160249816
162 97.9225109100071
163 95.1603540666042
164 89.234544911983
165 100.248407022991
166 84.3543306410084
167 106.390087181035
168 86.3092419040186
169 108.309319018008
170 85.2686817989707
171 110.353856870006
172 80.2404152380404
173 109.676210831003
174 84.6666339410149
175 98.3696609210028
176 93.7209002316095
177 93.6462618059977
178 103.304272304013
179 82.4324177910057
180 107.748612112005
181 82.042494051899
182 87.8082672280016
183 68.6550328440262
184 84.5646570805002
185 66.8042646971003
186 83.4581291930135
187 74.2910706429939
188 79.57346374601
189 69.8985194071042
190 75.0484304689053
191 85.5961808319989
192 67.8038500964931
193 88.8763314496032
194 64.0230697331958
195 105.658001593019
196 85.2974005073008
197 107.139580522016
198 85.0705972939977
199 106.943038624013
200 87.2718934069781
201 95.242974015946
202 90.7938365659902
203 92.0310103801001
204 105.268337390601
205 84.2529703180048
206 105.675894127702
207 86.3437130259854
208 83.4496551319717
209 66.0433528049907
210 90.1754498304968
211 69.6439559679675
212 83.0378883560115
213 69.5259127557961
214 68.9629189684695
215 83.9447156549795
216 65.4350301718978
217 86.9674058491
218 66.6741930539956
219 84.6486445709616
220 71.8018398980121
221 105.032935716008
222 86.2958238060173
223 108.395462592705
224 85.0234434240065
225 105.434157612399
226 92.093222639005
227 94.7070670276958
228 96.2145372250006
229 85.1609651749641
230 108.644174992099
231 84.8728974480082
232 105.8559124398
233 88.8536959590056
234 86.4710038000112
235 67.4939056718902
236 91.1711564439884
237 73.0016122179905
238 81.1520151823061
239 70.3057008380029
240 80.4982216530107
241 70.7572253397984
242 75.5006413410229
243 79.6695108839685
244 70.9661960270069
245 82.534333798003
246 69.2924315349956
247 102.702798304301
248 80.6730932562914
249 104.421824444699
250 84.7147185904987
251 101.046090628006
252 76.5160412089927
253 93.2741786970382
254 91.830318516304
255 82.9532732939697
256 94.1541770270305
257 85.9835766259948
258 98.2800990489977
259 83.0304569144005
260 91.1092775930229
261 75.145911711104
262 83.3884640294059
263 70.5437447278101
264 92.1783766360022
265 74.1170096470342
266 81.0528575070066
267 77.9026090223965
268 70.7966825159929
269 91.4604189680176
270 74.4664536920027
271 92.4569318629892
272 71.4312085149004
273 88.2578923511005
274 67.8085344190549
275 97.56540518698
276 67.6675439940027
277 94.5995167991896
278 69.1038768900967
279 74.9677466675053
280 94.2419178019918
281 76.7760728040003
282 86.7021693769857
283 69.105353740099
284 93.7456476530997
285 78.0270700100118
286 97.2225207210613
287 87.6337320350103
288 100.956433706506
289 81.8864717518068
290 94.9411743820065
291 85.9548450713987
292 94.5942540130091
293 83.144913886008
294 83.8982720109925
295 95.3834698021979
296 81.8896014543043
297 99.109387987005
298 79.5557424130038
299 90.154079326021
300 70.1646387729852
301 86.5690494872013
302 67.6757266909817
303 81.3560300089875
304 74.4640633949985
305 76.5847530539986
306 77.9607567211088
307 71.5589267761004
308 81.2995328726004
309 68.8440207014992
310 82.2410818222011
311 70.1479481950173
312 104.496415203994
313 84.3388905710071
314 107.199139401973
315 84.0903425960278
316 105.089466563999
317 86.1894482379739
318 97.0640244760034
319 93.7836056460128
320 80.2551851620137
321 107.875069265992
322 87.3890236319994
323 107.049311705987
324 79.0068895500099
325 87.2384632592002
326 69.3025817408994
327 88.2687719440128
328 70.1473582305994
329 85.5715950678985
330 69.1989886210195
331 76.9781573940009
332 72.3575346049984
333 73.8652118229766
334 85.2587368523018
335 68.4324284329705
336 90.2644729760141
337 66.7676953970158
338 134.556583940105
339 106.747336466015
340 139.500821449997
341 104.468550683987
342 134.855017411401
343 103.538885291027
344 119.15170537095
345 119.309794294986
346 115.091768376701
347 126.995939017979
348 112.301729036062
349 133.428175498011
350 99.9560663720104
351 108.475939527989
352 86.456706164995
353 110.099423850988
354 86.1265308749012
355 109.264605833005
356 85.8265238207992
357 100.173758001202
358 88.2436886599862
359 89.1492112210017
360 105.819102631995
361 85.1655368890079
362 108.899421279011
363 78.4652338649721
364 133.628669155996
365 107.523311235605
366 136.067510291014
367 106.042701689012
368 134.585555798003
369 104.440478054994
370 128.43558728398
371 106.67608668
372 110.99545389859
373 127.6345085603
374 108.058747324696
375 132.477235890701
376 106.112663307999
377 107.680258715899
378 88.2595975426966
379 105.044213704991
380 88.2100671310582
381 109.27145021401
382 86.8672033949906
383 98.5580054860293
384 99.7265232441919
385 88.1476033539912
386 106.433030055996
387 83.0931692210015
388 107.961274547
389 86.1500751846052
390 132.305713773007
391 104.917123197993
392 133.812737232984
393 116.764194409984
394 128.309221342988
395 104.886591883997
396 126.845273723939
397 107.333957819992
398 102.263477748988
399 134.215039159972
400 101.5627623988
401 134.851872092509
402 107.139957091977
403 105.982313502
404 90.429077195995
405 103.783505613399
406 89.3700853479913
407 106.719686129009
408 82.2493054179859
409 104.77775342797
410 92.1303611973031
411 95.9008180095964
412 103.562092989023
413 95.6401044100403
414 101.083022757007
415 87.913310472004
416 124.051373925022
417 109.040132140012
418 132.664018357605
419 101.181274570035
420 131.898571300007
421 101.772274030009
422 109.935000909659
423 116.014577918986
424 107.9446706
425 128.447524829994
426 101.35304906903
427 118.773194853998
428 99.6246743020038
429 111.051831579994
430 89.7982073820003
431 112.019036685979
432 87.7664129119978
433 114.13173418
434 87.1311942059947
435 101.573268790401
436 98.6772915619895
437 93.1287130920055
438 104.75627277001
439 91.283213323004
440 118.672474441109
441 95.6042696789197
442 109.361066110978
443 90.2162958750068
444 114.791013033982
445 93.3341751680018
446 115.774594148024
447 96.8030306660012
448 103.471158943967
449 99.6262494589928
450 91.4946847587998
451 113.660166771979
452 84.8710002600001
453 116.204310719058
454 96.9743676439975
455 125.918917714694
456 107.191648330991
457 123.598742878994
458 105.696868236703
459 120.662763082009
460 95.8830932630008
461 126.263362294958
462 107.40438070952
463 106.023798343995
464 123.0496723888
465 103.848932881601
466 122.300004578005
467 97.9402794199814
468 102.152037292399
469 89.8383788136002
470 107.554974126992
471 84.5641683642043
472 106.581869009005
473 86.7041275139854
474 98.2557668400205
475 89.0433068219863
476 84.1971686956015
477 106.004178306921
478 93.953321259005
479 103.634589221019
480 87.9052934729998
481 132.233701449013
482 107.149255963031
483 131.784608045405
484 103.252960277996
485 132.889805119976
486 115.608072844952
487 121.041240667
488 115.837630977012
489 110.413698924003
490 130.863493586003
491 106.9907266776
492 129.332340831499
493 110.058579101019
494 103.928285833013
495 86.4433325140453
496 102.9128311108
497 87.4082586184983
498 105.367088913999
499 85.6686556724419
500 109.968417793505
501 85.0953126499917
502 96.7256802345901
503 103.612977407988
504 85.6547687785962
505 106.5430445667
506 83.5280080161994
507 107.519758466799
508 85.9207769630302
509 107.262181298029
510 81.5593858699913
511 104.138772285023
512 82.0571808238014
513 93.2701399629877
514 98.5840598800223
515 89.2801269490065
516 99.8516566530043
517 88.5524336579692
518 102.49498210901
519 83.5349595250023
520 89.2680091579678
521 67.0384589424998
522 87.63241672145
523 67.27312590181
524 82.8842371881933
525 64.9954628562
526 84.546828477005
527 68.6335840259744
528 70.4085687290998
529 85.9811864720086
530 69.6751456539914
531 82.6650484079892
532 65.5984520399898
533 108.680893538906
534 85.8519208645999
535 107.997138453993
536 90.2017912789688
537 106.910431474034
538 82.9650561335029
539 102.968759980013
540 92.0890483793983
541 92.5652443460422
542 104.114620488986
543 87.6216611030031
544 105.782071635986
545 83.8999230050376
546 84.6959466190128
547 68.843845147012
548 83.2971770915009
549 69.1764924400104
550 86.34466152198
551 68.9668361599018
552 74.777088881001
553 76.2367228909852
554 71.4522182749022
555 79.8446303279889
556 67.2163982919983
557 85.9351046491042
558 68.7941556150008
559 110.720563411297
560 84.8747943688977
561 100.516326372986
562 80.6941149229942
563 110.217600565011
564 86.5268457509956
565 94.6004228506013
566 91.9674161241005
567 87.8082262631097
568 103.645226939034
569 86.2676884763005
570 108.460509032966
571 87.3084514828975
572 84.4936159489407
573 72.2011750257025
574 87.4800413748972
575 70.4721247437803
576 90.0788561179979
577 65.501130081401
578 81.9146496599046
579 82.6284738270033
580 71.9993965670256
581 81.6639329530972
582 65.6268850730157
583 81.3674397541035
584 69.9458758189849
585 112.667045077069
586 82.2567153510136
587 103.880294699002
588 88.6628276690089
589 101.979705833503
590 81.5704748740245
591 104.65388114601
592 87.3317108466978
593 91.1937093669621
594 104.485706245987
595 86.1356286707974
596 103.989832508978
597 74.8017437061037
598 91.2825756959592
599 72.588114307996
600 85.2214343462038
601 68.8171751636105
602 89.235513768972
603 73.1359593690058
604 73.2108338429953
605 78.8377323366035
606 84.2327347179889
607 78.457243996499
608 66.9571986240044
609 86.5673705644895
610 75.9215780539989
611 91.5717792890064
612 72.0248543502976
613 84.1919536450405
614 78.0550136400052
615 92.6022398080022
616 73.9375725734501
617 83.6061577409964
618 86.3006908789885
619 74.4787737063007
620 87.6325097320205
621 68.0964663220038
622 86.5952796989859
623 78.6328275630012
624 96.4262614875301
625 84.0985815019849
626 102.000196756308
627 86.3649364384969
628 98.2040974669872
629 81.3649074110344
630 94.5511814480142
631 80.0644099680085
632 78.1119859699629
633 106.165656487906
634 87.7746970189946
635 103.165773560067
636 85.3668319150074
637 83.0564646120365
638 67.455855488015
639 84.1273649049981
640 65.3847976674001
641 90.9364420019756
642 67.3308154046993
643 84.4996769066029
644 75.4587215404968
645 69.7221771779823
646 79.8728376350027
647 68.8586539489961
648 84.390003021008
649 68.5095425310465
650 113.4238056051
651 85.3773313039937
652 108.791329120004
653 83.0990526180131
654 106.534030177045
655 87.2029421259867
656 98.2670442409926
657 88.0492928080003
658 86.8127270645914
659 107.580497200996
660 83.6262971859924
661 109.234470284991
662 83.4752703000049
663 85.4794755016087
664 68.0924846880316
665 84.8466870319953
666 69.1855131505008
667 88.0360764577972
668 72.7854297800505
669 79.3147614859663
670 74.260370175989
671 67.6465800630922
672 86.9891213397196
673 67.7555361410669
674 84.0816881662931
675 67.8726043890038
676 133.53250033897
677 106.802494433799
678 133.205716052998
679 107.391971216998
680 131.882233655
681 111.871030698012
682 126.48026485499
683 102.52484628802
684 107.591770528006
685 127.9521085086
686 104.952476006997
687 127.844631533003
688 99.2144037062076
689 110.810600938601
690 84.866790561
691 109.264578805005
692 80.8168498528104
693 107.26882127401
694 85.1793332749821
695 95.6654636409894
696 99.2542800468073
697 89.4258351750068
698 105.075112878802
699 83.4829173009894
700 106.773229200201
701 81.2711746699961
702 134.736133324077
703 103.827031899004
704 128.958090734301
705 106.323344203975
706 126.672406612988
707 107.093482844016
708 132.732615959003
709 106.520129902606
710 108.618872188003
711 122.035554587001
712 111.186919614897
713 133.941286579011
714 102.370498258199
715 99.5703405420045
716 87.1479097059819
717 105.867162711002
718 90.3012704799949
719 98.8051496829939
720 86.8954262349689
721 100.611146318602
722 91.1935622749752
723 86.7685650610156
724 99.9529784480274
725 87.593286177696
726 108.734713572994
727 92.6634382955001
728 127.947604629992
729 102.41964438701
730 129.756085680992
731 99.0336715430999
732 134.699850418997
733 106.385707719602
734 131.496481494014
735 103.710329139017
736 110.483798035011
737 128.066424527992
738 105.414691863007
739 125.251770103694
740 104.511861648007
741 112.635069962698
742 86.5818003070217
743 109.65558081798
744 84.9430274420229
745 100.078359649098
746 94.9113143077966
747 100.266744023998
748 91.5996891259965
749 86.8551534960034
750 100.853350634998
751 87.9830226562035
752 101.564489163002
753 85.0836118890129
754 125.761922577976
755 106.378731726301
756 127.416739085993
757 107.574798585983
758 127.898967008105
759 102.776894749809
760 121.657268415015
761 103.314545588
762 111.915454882001
763 119.693702729001
764 96.1193237390034
765 132.128070617
766 97.8851601059432
767 121.063927835007
768 90.7630373400025
769 109.803670207975
770 95.3307175280315
771 105.138655585051
772 88.7425882138018
773 106.222485173896
774 100.556741705986
775 93.2296156588905
776 111.919274742968
777 86.5450445827946
778 110.368438600017
779 91.3904812070086
780 107.070472242003
781 94.6183638960065
782 112.345142029017
783 87.377537293014
784 118.395057189002
785 82.5466179599971
786 108.090391281985
787 102.689421954102
788 102.046008094408
789 109.3160928001
790 83.9585896330391
791 110.650860091027
792 91.6496740010018
793 132.735670239504
794 93.7700144389964
795 121.237694943011
796 103.037103828001
797 129.268522030998
798 96.8481971900019
799 117.234443310008
800 98.6642339230002
801 101.172779969011
802 124.458803159996
803 106.519471024967
804 129.755876884019
805 103.50947183897
806 109.20025122
807 84.5587603176
808 112.265330894024
809 84.3881207900267
810 115.833501759016
811 80.2682945730112
812 102.191311423701
813 91.4887473769795
814 89.9061197500032
815 105.907531106982
816 87.490850471977
817 106.075783925007
818 87.2841768460148
819 133.197301004975
820 104.377917199699
821 129.742679034007
822 105.24267691103
823 133.971565245975
824 104.988004632969
825 125.911605393003
826 106.330072813012
827 107.846763958014
828 124.508469281955
829 96.2710434024984
830 132.836757432005
831 102.136853114803
832 109.811615523006
833 84.6943609649998
834 100.187322689999
835 84.7213787919827
836 104.201149449
837 88.7671481840244
838 95.9544302929999
839 98.8895040880152
840 90.4550127899938
841 93.5808602510406
842 84.4370945710125
843 110.003287768996
844 81.9115730636511
845 104.127254107016
846 90.9631439114037
847 103.802086414998
848 84.1597914530212
849 110.754667591982
850 82.2682646149588
851 107.934451034998
852 82.8808455939907
853 88.4493913149982
854 111.675226714033
855 91.6182723104953
856 111.248190204992
857 90.2526108020084
858 81.1758834968998
859 70.5787223360176
860 87.7578004006978
861 66.5834356959977
862 86.5474013543008
863 67.1094448100121
864 82.7922634789047
865 75.0035910949919
866 70.9151943179677
867 79.873259463011
868 68.5247488100003
869 90.539832659988
870 66.9817832839726
871 109.792150187991
872 89.8264667388901
873 106.081541051003
874 90.4172509259297
875 103.151124132
876 89.7681637709866
877 98.2141093374025
878 94.0649782359969
879 94.7447618178558
880 100.203969250992
881 87.0584602429972
882 104.421680884025
883 84.8279054014995
884 83.8971722152
885 71.5545697620201
886 82.6408914951003
887 66.5843111510185
888 85.2469067929974
889 72.352165282399
890 76.1360924840119
891 76.8563091390206
892 73.9542595740204
893 92.6222013659754
894 67.9977138470349
895 86.9513963009922
896 69.3557052292022
897 103.71438320899
898 91.6681970469
899 112.559670331984
900 84.9385174410145
901 103.870069703044
902 89.0643059660079
903 92.2064719529772
904 101.011243399989
905 88.1594236817989
906 108.749867431015
907 89.6695513699342
908 109.549195518957
909 92.4652509110047
910 87.5950577390029
911 71.5303646439679
912 84.677711722901
913 69.5455149099871
914 85.6257536649991
915 70.3486448770036
916 80.449343685109
917 73.2104395763031
918 70.8097437390052
919 87.2594195152033
920 67.199206451005
921 83.9323755720216
922 69.2298329901973
923 85.5071185639645
924 79.8489388960206
925 99.3976122616004
926 79.5381229960185
927 100.091088571025
928 88.0338356130324
929 93.1766988570189
930 88.624992156997
931 83.7161212770297
932 99.5820899639966
933 80.6404278810078
934 103.117884111998
935 73.1911957559987
936 110.298007795018
937 74.1905494169714
938 91.4741866669829
939 76.6235061769976
940 96.1569892246985
941 69.0462996320093
942 86.2070721388591
943 81.3474635225021
944 70.9138088901
945 94.4016628440295
946 77.927207608991
947 83.8925731330164
948 83.7623849979991
949 92.8641861724998
950 71.7709902049819
951 91.3506904410042
952 74.0170959589705
953 89.4448808539892
954 74.6696396408993
955 84.8159613609823
956 81.6635166319998
957 76.8201361860065
958 99.2143021940137
959 70.869511851015
960 93.3189470850039
961 74.7119892170076
962 98.7067525139992
963 85.9386089553936
964 101.969294045011
965 82.5496253425968
966 106.598884672502
967 80.3082218519649
968 105.029368840042
969 84.9480544329993
970 85.7340171739907
971 94.7291348179988
972 80.5835896539975
973 102.611423996996
974 82.1570441733996
975 91.0096186384198
976 68.850569182996
977 89.8358391619695
978 68.3098517186068
979 89.5404193359354
980 68.0155994829875
981 82.0197157900111
982 69.5450637750128
983 67.7420278499994
984 88.2433048320898
985 72.1540656939851
986 86.3690735999853
987 67.0507063420018
988 105.534981551
989 84.4227676270066
990 104.3766223018
991 83.2399662686044
992 100.621947272998
993 90.391547762701
994 110.657879275004
995 87.6213193210106
996 90.2876954606995
997 97.0091453059922
998 89.155778096341
999 108.225856878897
1000 85.7162088060022
1001 88.9690092452
1002 70.2756770070209
1003 86.2372603430231
1004 72.4956782529716
1005 84.2179787589885
1006 69.4136825979968
1007 76.6916582319937
1008 74.5783090637019
1009 67.5301845173976
1010 86.8469170949993
1011 68.6324942239935
1012 87.075119140502
1013 66.7548848809929
1014 121.323082809977
1015 111.232450077603
1016 123.9288792536
1017 104.889621169968
1018 132.310339155038
1019 109.479494382003
1020 107.81546886401
1021 115.377747179593
1022 112.841846193987
1023 116.724645675606
1024 99.2435645270234
1025 123.287725903992
1026 100.165041323999
1027 94.3099623460057
1028 75.3572147358
1029 103.454176674995
1030 79.3785355723003
1031 101.049419215997
1032 92.7195423980265
1033 96.7537542792002
1034 91.9505408970054
1035 80.0030203530014
1036 97.6225173279101
1037 87.4407554129903
1038 96.6183861820355
1039 86.4233457400133
1040 122.941945680009
1041 91.0986814539683
1042 125.671657535986
1043 98.575993199006
1044 121.775368530007
1045 105.789932064801
1046 117.87407558204
1047 107.9731961026
1048 109.042753129302
1049 104.27098325099
1050 100.989895387011
1051 121.006727813983
1052 99.4360824939577
1053 99.2131522240015
1054 80.8609948559934
1055 101.641667230001
1056 83.3195179819995
1057 100.115908707994
1058 83.443140763984
1059 98.0987787040249
1060 79.3807814573029
1061 93.0529195010081
1062 86.4910636599689
1063 74.088654561001
1064 101.557537132021
1065 67.9800085896901
1066 126.189329270028
1067 91.8568438410148
1068 123.645690275043
1069 100.493121094996
1070 119.419708534497
1071 101.136364735021
1072 119.951027434001
1073 104.574625817986
1074 98.1917812309803
1075 118.665000942019
1076 99.0795715144032
1077 132.233416313011
1078 99.224800705997
1079 102.149558626701
1080 74.7741150562007
1081 110.499614784021
1082 72.2309175840564
1083 108.483154760961
1084 81.1370322696007
1085 94.9615369120977
1086 86.8402910080022
1087 77.5801363769915
1088 90.0250212359993
1089 82.8775123620062
1090 99.5085667525984
1091 80.1407768519766
1092 117.037896478996
1093 78.0829102820008
1094 106.953136074026
1095 83.6117389239917
1096 119.119887131001
1097 92.2766418120318
1098 115.12699893201
1099 104.457293889027
1100 95.6290579635038
1101 127.792588300008
1102 98.4158713019952
1103 110.7572033349
1104 98.2013902660015
1105 110.402416895067
1106 87.8505255049959
1107 108.369220737018
1108 91.9727478130426
1109 111.107535984002
1110 89.4403485423936
1111 98.6982607930031
1112 97.9824616022029
1113 91.3192177309611
1114 104.578234504015
1115 79.2950083336905
1116 103.173015746006
1117 85.7362806735068
1118 102.056025063007
1119 75.899056621401
1120 95.2621439980021
1121 75.4458384490135
1122 103.413731341016
1123 80.4753755401592
1124 88.7405627559929
1125 96.5470786720289
1126 91.6836412663997
1127 104.054276218005
1128 90.6657227826031
1129 114.20437956278
1130 80.7349218150193
1131 118.843494379007
1132 89.0486161409854
1133 123.477926806504
1134 99.1819419389913
1135 116.461615381013
1136 109.063326327032
1137 108.999013947005
1138 112.070449035014
1139 107.324366649982
1140 119.158767008003
1141 86.448706425621
1142 117.757382894001
1143 97.4885946229733
1144 104.563212842004
1145 85.5510085400056
1146 98.7260701309424
1147 84.3920299730598
1148 105.875160461983
1149 79.4540430509869
1150 101.348193579997
1151 83.1943208930056
1152 77.0774789669304
1153 106.360403260697
1154 85.8929656150394
1155 102.550926859976
1156 81.8625575650003
1157 117.773193450267
1158 95.8080444599545
1159 123.082729694801
1160 103.819687114697
1161 112.460520234305
1162 103.095217802002
1163 113.302863178296
1164 110.465047538895
1165 104.905990120005
1166 120.489225013102
1167 107.430621727008
1168 121.086673934997
1169 97.77935737402
1170 97.6773846040033
1171 73.7521912899013
1172 103.102992934009
1173 78.6857139359086
1174 104.343582278011
1175 80.2891583139967
1176 88.0648552701928
1177 84.5147495606057
1178 82.3574387623012
1179 102.427994957998
1180 87.5624489940037
1181 98.7838165330004
1182 73.7127306010052
1183 117.012891438026
1184 88.5957013060079
1185 111.378488393984
1186 85.188873989398
1187 103.5043024733
1188 91.7448077240124
1189 100.057629115963
1190 107.935715026997
1191 101.844399023
1192 103.946366014998
1193 95.0574272205927
1194 115.822472849004
1195 90.9795848739123
1196 97.6648347054038
1197 77.8754012060063
1198 93.3371041488954
1199 65.8797700641202
1200 92.7778340220982
1201 70.1964827327061
1202 75.6008668418076
1203 79.1190240285914
1204 70.6243088000065
1205 88.984116719007
1206 69.7303823460061
1207 95.5268993569916
1208 72.1859005939905
1209 118.449956886025
1210 95.2588807393994
1211 118.513525488015
1212 89.5528529663011
1213 109.1762172605
1214 94.4568520659004
1215 102.718528381195
1216 103.991875644988
1217 104.800938001102
1218 112.58440282455
1219 93.6027438749989
1220 119.032453810996
1221 89.4954690160148
1222 90.6175573484006
1223 71.8891348200486
1224 88.9065473509618
1225 71.8470928889928
1226 97.9357398622028
1227 69.7131728340082
1228 92.0265695089938
1229 76.098446233982
1230 77.4701218060045
1231 92.9773165729785
1232 77.0756561089911
1233 98.1591879349708
1234 79.5813086900012
1235 98.8116819140032
1236 95.5408164270011
1237 110.429855151597
1238 101.801672908698
1239 105.906928850197
1240 92.3807005136041
1241 111.5610891356
1242 97.6373851569861
1243 102.624513446017
1244 113.431729545027
1245 91.8961616898059
1246 109.127034816015
1247 85.1935273929939
1248 99.1530853679706
1249 81.219394202401
1250 90.8974845217017
1251 82.2700766889739
1252 91.3500041823099
1253 77.0737408922997
1254 88.2936575199892
1255 84.6353848200124
1256 83.8562075149639
1257 94.6883149583982
1258 71.7487024699949
1259 93.7000727714903
1260 87.0316586210265
1261 107.72038004402
1262 85.9566076459942
1263 101.165442987008
1264 88.9017789899754
1265 95.5863586850228
1266 80.074874213853
1267 91.1611806289329
1268 96.8610197326029
1269 94.0387789689794
1270 111.659522316018
1271 88.466885436992
1272 105.039030040984
1273 81.0105580890195
1274 102.383750543004
1275 94.8556628620054
1276 110.068767045004
1277 82.1650085179954
1278 99.7066310359969
1279 90.8386638179764
1280 84.3026763509897
1281 86.2158107994901
1282 75.2314131803985
1283 82.6535021439668
1284 76.4785895419891
1285 108.356995366012
1286 78.5751654720116
1287 105.077764886983
1288 83.7577513950009
1289 90.2599082849975
1290 88.9512096789986
1291 91.8599091770375
1292 85.4703605679788
1293 91.592531059996
1294 82.0361906559811
1295 75.7162184930167
1296 87.6152401009676
1297 68.7913285094965
1298 102.975527917204
1299 71.7489779896503
1300 112.836671606703
1301 100.13368358864
1302 110.1278843968
1303 90.3271633759687
1304 112.307887376005
1305 82.2062942234993
1306 92.6348728490211
1307 93.5995614390322
1308 86.476848448001
1309 108.497241506029
1310 97.8463239190205
1311 105.91753957201
1312 86.4577345470025
1313 86.9756348849933
1314 75.073555643985
1315 92.0087046921992
1316 73.6796934391009
1317 87.1293550819928
1318 74.6024292830043
1319 85.1948225029446
1320 84.4119306710127
1321 71.8426940779864
1322 87.9607420959928
1323 71.6956925690056
1324 101.348116478039
1325 71.0755751446996
1326 117.739077125998
1327 94.7694514099567
1328 121.093125363996
1329 89.8555705329727
1330 121.031692330007
1331 96.5891580339985
1332 102.051073365502
1333 107.402595336998
1334 93.4577455994003
1335 113.332180512998
1336 88.9265244463204
1337 109.069624044059
1338 101.620764830977
1339 97.6369454549968
1340 80.5421023060006
1341 93.6445835070117
1342 78.5688639300133
1343 84.7968221889914
1344 79.5663955359942
1345 79.5743173717
1346 83.8411628866027
1347 74.4585578990154
1348 88.9609906209898
1349 70.8403407979858
1350 96.4150898339995
1351 78.3308383900021
1352 115.090371645988
1353 92.3685674029912
1354 112.628697251012
1355 86.4843961310271
1356 109.156981483011
1357 92.9554340009872
1358 104.617837947035
1359 104.686432277003
1360 92.5589904022985
1361 108.752532100016
1362 92.1181861670448
1363 108.638833699024
1364 88.8322457910135
1365 87.907976242991
1366 81.4884760108043
1367 98.3338275487995
1368 70.2749730129881
1369 91.5199620400017
1370 73.0508683926018
1371 87.2173791597902
1372 74.5452611899964
1373 76.3149268944971
1374 93.9901236314995
1375 83.4606578079956
1376 86.5969463886927
1377 70.8955465459894
1378 121.807721053005
1379 86.3181290199918
1380 115.806023010964
1381 90.0815160600132
1382 111.037284000201
1383 87.2770006139945
1384 106.2473121658
1385 97.6457094459875
1386 96.9067278849934
1387 100.790606083956
1388 89.4260551299794
1389 123.249629175007
1390 89.6088689620228
1391 86.9173797620078
1392 69.5012969481013
1393 93.0227777289929
1394 70.1632275730162
1395 85.8157654349725
1396 72.8417181319856
1397 89.8850017740187
1398 76.5829457042059
1399 77.6221978309877
1400 90.1368398429895
1401 75.5856372499693
1402 95.6646084699969
1403 69.3731324859982
1404 113.429641308994
1405 84.6469096779856
1406 114.164528678975
1407 86.8760311296995
1408 105.516840551491
1409 81.6517967879918
1410 102.657580000005
1411 104.356576302007
1412 90.3694291529973
1413 117.082736377006
1414 86.317682613003
1415 113.654319398006
1416 91.7375128520007
1417 89.5352093760039
1418 66.9831613913061
1419 93.1451360940173
1420 73.2927819764086
1421 89.5049237730063
1422 85.0586512170139
1423 75.2977053955078
1424 86.5789113613914
1425 72.6883133489025
1426 88.1724870122014
1427 78.3781486700264
1428 82.5419310870075
1429 73.8139831716978
1430 99.5820528719833
1431 77.2432172549998
1432 96.5268865320013
1433 89.064641767402
1434 95.8024972659587
1435 85.1458723650012
1436 101.269999241981
1437 89.3923325489027
1438 69.3063187570999
1439 98.2100639559576
1440 83.0176878683005
1441 105.410729453001
1442 85.2787608892982
1443 97.7176155849975
1444 88.5051555449991
1445 104.742410825395
1446 74.2491555229663
1447 102.266886533016
1448 83.2571006209946
1449 83.8091841452069
1450 92.2068230230025
1451 84.4661974909002
1452 114.431127675994
1453 76.5403224479997
1454 109.804905544
1455 72.6735180277956
1456 93.8725440365033
1457 84.4257291899794
1458 94.3425756090164
1459 75.6228063610024
1460 90.0154949240005
1461 82.5925256832988
1462 82.6114847549889
1463 85.9672727469842
1464 76.4583964119993
1465 102.585039576024
1466 79.1327308679968
1467 99.6425178780101
1468 81.6420832500626
1469 123.221093741995
1470 85.7781918446904
1471 105.243053205959
1472 87.7511895719636
1473 106.196406471008
1474 81.9557097504003
1475 103.185040928975
1476 93.2105754960048
1477 93.9792454608011
1478 104.161290092998
1479 86.1864759910077
1480 112.443225279003
1481 93.090848574002
1482 90.9376668849291
1483 78.2670048610271
1484 89.6123711789869
1485 65.0941422240066
1486 86.1316478030176
1487 79.2262448600013
1488 78.5483354680309
1489 80.2260385430145
1490 68.8528839739775
1491 92.361181555043
1492 72.0120292140109
1493 84.5656056551093
1494 72.7848880540989
1495 105.822499854503
1496 99.2929268310036
1497 108.9039788251
1498 86.8222775650111
1499 106.305176339606
1500 92.9608385001103
1501 93.9067149909533
1502 111.151718530073
1503 90.0266160680076
1504 111.66319608991
1505 86.9058684814007
1506 106.026031333977
1507 84.3513970479989
1508 92.5003676499955
1509 66.6681662790097
1510 85.8475460652017
1511 71.1551335524973
1512 83.4304827742017
1513 77.5626586710132
1514 77.3304213979998
1515 83.3452761129593
1516 79.1532026189998
1517 94.7264076319698
1518 68.6381373760014
1519 85.0521884703028
1520 71.6308801150262
1521 124.480842713001
1522 101.028358003009
1523 126.714293384299
1524 105.428794933005
1525 135.618923816037
1526 95.8932426559841
1527 108.647464096899
1528 115.612637307004
1529 110.705669921026
1530 127.648735876096
1531 97.7867164559939
1532 123.197566111003
1533 111.71650796299
1534 100.637660500593
1535 80.2828433035074
1536 89.2252566839943
1537 77.808557068056
1538 101.589053640009
1539 81.5882462859918
1540 98.7786237500132
1541 90.6995586383914
1542 78.9081208020434
1543 95.0925102659767
1544 72.2681474529963
1545 106.805259390012
1546 82.3854710060005
1547 119.058501826021
1548 103.98599289956
1549 122.904740476997
1550 109.635582627993
1551 126.513272363991
1552 107.575390554302
1553 113.471066573993
1554 115.120084765022
1555 112.538331032988
1556 121.354894010983
1557 111.273815868026
1558 117.022954941604
1559 103.562740900406
1560 106.309145604104
1561 82.9679116140142
1562 102.394489543985
1563 85.936077219003
1564 100.574177228009
1565 80.6079861419676
1566 96.3930464619807
1567 84.2169819999981
1568 87.1896415249467
1569 92.921815651971
1570 76.1729601589877
1571 95.077737884003
1572 81.8811050289696
1573 123.097138829007
1574 100.850766242002
1575 123.185866426047
1576 101.300598276021
1577 131.082024374973
1578 100.872011191996
1579 121.706776633005
1580 114.515814047991
1581 104.254210162696
1582 116.081593902982
1583 108.102209124991
1584 116.161397519511
1585 99.8464954880546
1586 109.801407442001
1587 84.8374763119864
1588 102.588302648007
1589 83.9779021344043
1590 101.45654080316
1591 82.0145013700994
1592 85.707054319596
1593 95.522010870441
1594 75.0941971660041
1595 107.052737725502
1596 79.5581653860609
1597 106.11731706299
1598 83.46757152799
1599 109.490446816898
1600 89.2579647470029
1601 115.358778998007
1602 80.4658142310018
1603 117.1702191322
1604 96.5379321789897
1605 120.264272302029
1606 100.298113353301
1607 100.804003284998
1608 109.696472097994
1609 95.0720270598026
1610 120.203066487204
1611 93.294550283008
1612 130.906692183999
1613 98.8450013900092
1614 109.836632700012
1615 99.3318543889927
1616 107.6571685771
1617 86.9381961820977
1618 91.4219042310009
1619 105.165731197008
1620 86.0227100509974
1621 114.317479247802
1622 74.8438305500258
1623 104.399107949007
1624 90.2955555299741
1625 113.527580327036
1626 74.1035065300139
1627 106.555623331951
1628 89.220187158935
1629 105.279155744984
1630 92.3561873472977
1631 97.6946478594073
1632 94.0110810166004
1633 85.0112778360199
1634 103.837841155018
1635 82.3460661800254
1636 94.2274549599915
1637 81.1184860390085
1638 104.856161832299
1639 104.496834518022
1640 127.860098147903
1641 100.951614033801
1642 132.543131921011
1643 97.3824529490003
1644 100.207535935897
1645 108.870268789997
1646 91.3604465699791
1647 121.557977065004
1648 102.829217257704
1649 117.460314751997
1650 96.1370935806002
1651 104.03714222698
1652 79.1722703007054
1653 104.642376958498
1654 83.979412177996
1655 107.064226263992
1656 80.0263273009932
1657 85.6914844259791
1658 98.0104628320078
1659 89.7975454399784
1660 103.625087413297
1661 83.3212901939987
1662 100.129663954596
1663 86.1367767999582
1664 130.081725882019
1665 95.8096472759962
1666 128.93801709597
1667 107.438633710501
1668 126.863263339601
1669 99.7269163980036
1670 109.291443757002
1671 119.328531567999
1672 108.374908200994
1673 129.492479615965
1674 104.655863547899
1675 137.215611332977
1676 103.726601191011
1677 104.72166474799
1678 81.7121060029876
1679 105.866836264977
1680 83.8838363061001
1681 97.2802614529996
1682 89.4032585125956
1683 87.8782951070207
1684 96.7247675755971
1685 77.1069413090118
1686 99.3082874880201
1687 83.0509875152984
1688 107.749165911036
1689 84.2832481829646
1690 109.916845279599
1691 87.5605070460552
1692 103.963910917992
1693 87.670968140992
1694 107.715150318899
1695 89.2455706880355
1696 101.622627499
1697 95.074073131002
1698 95.621008101989
1699 106.242040248026
1700 89.8111925988019
1701 107.650849615038
1702 87.8077055282304
1703 87.1092112619863
1704 67.7251105199957
1705 84.3335651510188
1706 68.0866814563046
1707 82.6521991079972
1708 71.9996466690191
1709 88.1252697496805
1710 70.7139040720222
1711 72.8140208380182
1712 84.1946301130065
1713 68.6038391190095
1714 85.3151275401501
1715 68.3692448040006
1716 108.590134144015
1717 82.82356895091
1718 102.134409347036
1719 85.7194548523921
1720 104.948346003994
1721 86.5731756930018
1722 104.650445242987
1723 89.7903981609943
1724 89.8903358440066
1725 107.240622033987
1726 94.7119024920085
1727 105.938321200983
1728 83.2037052740361
1729 88.7386741620048
1730 69.2984930807001
1731 87.9394144450089
1732 69.9613421669937
1733 82.2871794948014
1734 71.4275730337931
1735 79.3997451988048
1736 71.0353833649833
1737 72.0193923250008
1738 83.2332020085005
1739 75.1916692379837
1740 86.9265721460124
1741 67.3179484630055
1742 109.353155686995
1743 80.707853131895
1744 106.974946269702
1745 82.1094309480031
1746 111.174270078982
1747 85.750170531702
1748 101.631990029
1749 88.6039978180634
1750 94.4698688830158
1751 97.0217090970437
1752 87.4951409819914
1753 108.634281955983
1754 79.5951482059991
1755 83.8385575540087
1756 64.6620373979658
1757 88.4356472489344
1758 71.4222154239906
1759 92.9787653620224
1760 67.4044351340172
1761 73.2938183829901
1762 79.6359232759642
1763 70.6949261258956
1764 81.7389063169685
1765 69.7651031430269
1766 88.1260872829898
1767 73.695456419
1768 103.319129678948
1769 83.5795952859371
1770 102.553411298004
1771 81.6524324552972
1772 102.9931906054
1773 82.3124699450091
1774 96.8687809176999
1775 91.1364973709851
1776 77.714961726997
1777 87.7928316432019
1778 79.8024906153955
1779 89.1441159219994
1780 76.0877981461022
1781 94.5439627952965
1782 73.638775830301
1783 88.0881985119686
1784 71.5035327199985
1785 92.6432629920328
1786 75.5476410980009
1787 85.5632623460224
1788 74.748576662978
1789 73.6683308160082
1790 104.222233491987
1791 76.4607914999942
1792 105.5114103829
1793 75.2632211930177
1794 93.1581699090202
1795 69.0289076499994
1796 92.6016132838001
1797 67.4729413709884
1798 87.4603613749969
1799 81.2371667620027
1800 81.1738754819999
1801 83.3901366886039
1802 69.4884345859919
1803 97.726901554006
1804 70.4747308490028
1805 90.9107599550225
1806 70.6002245110085
1807 107.492154573993
1808 88.9081612681992
1809 107.856208000021
1810 85.746516736026
1811 97.2096925750066
1812 76.927014915907
1813 97.5189336700602
1814 92.0369454279808
1815 89.3446834750194
1816 98.2084777180035
1817 85.8399438209744
1818 102.288377939976
1819 78.5912338538083
1820 92.1464519349684
1821 66.549262914009
1822 87.099804187983
1823 67.6036015580166
1824 82.8688517237993
1825 68.6603569080035
1826 79.6707005450117
1827 75.8068868534991
1828 68.0712503293989
1829 82.5799588759764
1830 77.431360717992
1831 85.3214286090406
1832 69.2662088889847
1833 111.75347921387
1834 82.4079317184099
1835 107.390341860503
1836 86.184173174604
1837 105.773626658993
1838 87.4340095509979
1839 98.4438953270001
1840 92.6782641734008
1841 90.8760392209843
1842 97.8076126179985
1843 83.7263037052026
1844 102.31763717502
1845 82.4060669749997
1846 83.4541326479894
1847 64.1402259010192
1848 89.9400196261013
1849 70.5301470120048
1850 81.2770003829883
1851 69.2514692016061
1852 74.8133956800302
1853 78.3074433169986
1854 73.0653247089776
1855 87.49771843665
1856 71.9037480590032
1857 85.5166872678069
1858 71.2340108919989
1859 128.333120123898
1860 108.225535663996
1861 131.580695848595
1862 105.376154121996
1863 132.038747931892
1864 106.3042984231
1865 114.36495223702
1866 116.759858422392
1867 121.402967733461
1868 118.233136618596
1869 105.498338206007
1870 133.48175270603
1871 107.178579632898
1872 109.524534465982
1873 80.8468884511967
1874 108.396047137808
1875 88.2996256510069
1876 103.364926236009
1877 90.2257721080105
1878 98.7677500149857
1879 88.1846395149751
1880 98.7711947169828
1881 98.4344740330016
1882 90.4150735290159
1883 103.831387030903
1884 86.7061566329994
1885 136.108630447961
1886 103.416018155031
1887 130.060819460959
1888 102.006482892699
1889 138.680839589006
1890 105.459814741698
1891 131.744975522599
1892 113.677926934997
1893 106.763074497496
1894 133.615194604045
1895 95.2524854040121
1896 134.347405020003
1897 103.438904111954
1898 104.268143620016
1899 80.0390540446983
1900 109.760461184692
1901 81.8337440440246
1902 108.011473286302
1903 82.7115285266018
1904 104.97130620497
1905 89.1260694450011
1906 87.7075666398923
1907 105.171791073906
1908 84.6262070530202
1909 107.160814294002
1910 86.3556440420325
1911 133.460368194699
1912 105.122873347693
1913 136.666714279602
1914 106.452152187012
1915 134.865279924998
1916 101.4922106098
1917 119.467062217001
1918 117.142924931977
1919 105.9579229121
1920 131.9349304703
1921 102.199014762982
1922 133.860871734987
1923 105.767789794027
1924 104.469148482985
1925 86.0104162534071
1926 109.948997854008
1927 87.3285644183696
1928 99.091170255997
1929 89.8138821827956
1930 105.409543041969
1931 91.4831334639985
1932 92.2135822990185
1933 98.0717375049608
1934 85.3045633821012
1935 107.494446856981
1936 88.9366594800094
1937 124.773359823985
1938 99.3033454260512
1939 118.726094975045
1940 105.348880400197
1941 133.489561853
1942 93.8119639450179
1943 110.431174898986
1944 112.748884821985
1945 101.716688123003
1946 118.117419925602
1947 88.8930716229169
1948 120.474137859992
1949 88.8466925020111
1950 120.251028470011
1951 100.066039673993
1952 116.281245025601
1953 86.7646851099835
1954 106.225975697998
1955 97.1813113010285
1956 104.509906331987
1957 96.7386264140032
1958 95.6666779349916
1959 116.840499269983
1960 94.6192360400346
1961 120.4920666882
1962 99.5370528870353
1963 116.55049417312
1964 84.5498525330186
1965 113.852859189001
1966 99.8066909369754
1967 116.500937159003
1968 94.431895808998
1969 101.833282792995
1970 97.611047511009
1971 86.727215844985
1972 116.874462599003
1973 83.8877210090004
1974 115.633220904988
1975 84.1982873540019
1976 122.470207851006
1977 106.620052729977
1978 127.303874419022
1979 92.8453398119928
1980 117.221634587986
1981 99.6632834250249
1982 117.998857927404
1983 113.339008327011
1984 102.0670580868
1985 135.672186410011
1986 100.071569348998
1987 134.260112025004
1988 100.494310096019
1989 110.868337938973
1990 86.6756815129975
1991 105.735440247008
1992 90.8104322950294
1993 99.1716456499944
1994 88.6658288229995
1995 100.842382496967
1996 92.9678278140273
1997 83.0376916339901
1998 102.08867040601
1999 81.3164193220018
2000 105.204875330992
2001 86.0077448169705
2002 132.379393813972
2003 109.939248369028
2004 131.851984059995
2005 103.945741902703
2006 129.048779261029
2007 116.456464586008
2008 117.739514272034
2009 117.759587309001
2010 103.750513464001
2011 139.858095774002
2012 109.042014317038
2013 136.604073111096
2014 107.23374142492
2015 103.54958633302
2016 86.8624295229893
2017 107.129112603025
2018 87.0800500730184
2019 106.617745288031
2020 84.7810026250045
2021 93.7660459339895
2022 100.370096331994
2023 86.3932738400308
2024 106.943042708201
2025 82.0033195679798
2026 101.032420245906
2027 88.3525633829777
2028 104.087127052003
2029 87.6470378020031
2030 104.135178283013
2031 85.6569914639977
2032 109.363209928006
2033 84.7212192979896
2034 105.174355648001
2035 83.8434523539945
2036 100.012989331981
2037 95.871600872988
2038 79.7329397049907
2039 109.217768640974
2040 88.0705970369491
2041 87.2864157622019
2042 67.6953280809812
2043 84.9985763098005
2044 66.3845774357924
2045 83.0795522439985
2046 67.778779757009
2047 83.9071309619612
2048 70.0496139936036
2049 76.4014894780303
2050 84.0867077300572
2051 68.1145849770019
2052 82.9219734660001
2053 67.8977657142013
2054 103.472925932988
2055 85.5646321370159
2056 107.092486620013
2057 86.6434509987982
2058 108.812613133401
2059 85.593340477044
2060 97.0325483473971
2061 95.4466503440017
2062 99.357671779012
2063 98.7439857090067
2064 81.8283884469793
2065 113.517513808006
2066 86.7155402570006
2067 82.90444679497
2068 66.4754555295986
2069 90.5098661620997
2070 68.7898295448701
2071 84.4695176430037
2072 72.582389415993
2073 74.0503135579957
2074 78.9243734970114
2075 70.7731415664966
2076 86.9072345729364
2077 71.0122245387993
2078 84.3187506370214
2079 68.4873840609953
2080 107.138023947982
2081 83.7319113919875
2082 106.244213175978
2083 86.2336718929328
2084 104.159449644999
2085 79.4675480310616
2086 104.081125268402
2087 87.703636629999
2088 90.2881397529654
2089 98.3985395880154
2090 86.3879224321067
2091 105.426287158002
2092 80.5923824189904
2093 89.8265379116026
2094 69.4867009160134
2095 87.4938815069982
2096 67.9054199312987
2097 82.7580757139913
2098 71.0512607209921
2099 76.7622158011932
2100 79.6959296059867
2101 70.4867318137076
2102 85.7580119259978
2103 67.151341086992
2104 90.5412387349998
2105 70.4050584069592
2106 99.186549146998
2107 78.0988746989806
2108 94.330046164032
2109 83.2380340019881
2110 108.020505304967
2111 81.0131252610063
2112 85.6979799857982
2113 87.5831317469874
2114 79.3841263859576
2115 97.4806825438975
2116 84.7694094205991
2117 90.9986092384088
2118 86.8690978117002
2119 95.2021050400163
2120 73.0562000852018
2121 97.8357034679903
2122 69.8363038829939
2123 87.0138340829953
2124 69.2577539080048
2125 85.9189716570654
2126 84.3352941620992
2127 77.8068217309965
2128 93.3501143879766
2129 73.5124390369947
2130 103.440463888001
2131 68.8661394881024
2132 86.5280211139862
2133 73.6229811659996
2134 93.3338191643998
2135 70.2026608759979
2136 88.4145584209819
2137 73.0135780670025
2138 77.009653667983
2139 77.1070913340964
2140 66.0369246179926
2141 86.7707468320077
2142 68.5795720350143
2143 87.9330916699928
2144 69.9842063099823
2145 106.386696639038
2146 82.4750411889909
2147 101.514651979798
2148 81.092010005699
2149 106.983604048037
2150 81.1886227909781
2151 90.3970250909879
2152 99.0101936853989
2153 83.5747383767
2154 108.028361963011
2155 80.3481816139993
2156 99.3938553950102
2157 89.4924033280176
2158 86.3566006659994
2159 66.9892974319737
2160 83.9148110740012
2161 71.4785976660096
2162 87.9466408569897
2163 68.9441908390109
2164 76.9800770190159
2165 75.0052122509942
2166 70.2132693490057
2167 87.1359638149898
2168 71.0909392019858
2169 86.0442401369937
2170 68.9312804519887
2171 106.535715312998
2172 86.7375085840195
2173 109.279206338988
2174 84.9839585720474
2175 108.185385310207
2176 84.6246346719909
2177 95.2629598394992
2178 101.895577943992
2179 84.7398047259958
2180 108.301372903998
2181 85.2080925659721
2182 99.8431694459669
2183 87.1576907329654
2184 82.3394242066002
2185 68.0759827855923
2186 82.6801583400083
2187 67.7597147960114
2188 82.672394863198
2189 70.8994000329767
2190 71.2853560909934
2191 78.2700885320082
2192 69.1999446959926
2193 86.3704740965901
2194 66.6201398229987
2195 84.6410977830146
2196 71.4924358959934
