# r	p	err_p
2.663126838414638264e+00 9.034969737726966654e-01 3.048859286699220146e-04
3.517992128099158844e+00 8.983620327593447863e-01 4.532817450415896603e-04
4.338634101812828270e+00 9.002397274677208516e-01 2.227274622628135688e-04
4.983630915546128470e+00 8.995822961056495481e-01 3.175083937007767694e-04
5.586287690975812126e+00 8.972410617097881236e-01 2.287023568628383048e-04
6.115358136572893066e+00 8.991657838983050377e-01 3.993361093365744349e-04
6.618917838521324981e+00 8.991969612518321275e-01 1.576277169950521435e-04
7.053954576604328786e+00 8.971574576812519908e-01 5.161762223446429406e-04
7.495485286587628693e+00 8.985462293667062506e-01 1.813036600544492031e-04
