# r	p	err_p
2.663126838414638264e+00 1.005064762537363071e-01 4.650274333598408152e-04
3.517992128099158844e+00 9.997508696494643299e-02 6.567707669010531754e-04
4.338634101812828270e+00 1.008956559647734841e-01 3.291821090026993569e-04
4.983630915546128470e+00 1.003562369183427366e-01 4.652306706224093461e-04
5.586287690975812126e+00 1.008463159349200361e-01 3.288744343372513820e-04
6.115358136572893066e+00 9.824411134903640597e-02 5.749276833461998632e-04
6.618917838521324981e+00 1.012792788691356943e-01 2.314667912369909077e-04
7.053954576604328786e+00 9.669375587971935915e-02 7.213487618201933202e-04
7.495485286587628693e+00 1.010629037226182941e-01 2.645136432982975183e-04
