# r	h_0	h_1	h_2	h_3	h_4	h_5	h_6	h_7	h_8	h_9	h_10	h_11	h_12	h_13	h_14	h_15	h_16	h_17	h_18	h_19	h_20	h_21	h_22	h_23	
2.030139220299999714e+00 9.084916296641999907e+02 9.784676504642000054e+02 3.672146607000000245e+02 5.095696563500000025e+02 6.409606933999998546e+02 8.197461577642000066e+02 9.522506628641999669e+02 3.508323517499999298e+02 4.946304931999999894e+02 6.009426269999999022e+02 1.333247040000000005e+01 1.653599929999999745e+02 3.259481964499999549e+02 4.433803252999999813e+02 5.684030152000000271e+02 7.204941711499999428e+02 1.258886795999999890e+02 2.684143371999999204e+02 3.881861267333333103e+02 5.221658325500000046e+02 5.658850098000000344e+02 7.006932373999999299e+02 8.758693190641999990e+02 2.746309815000000185e+02
3.030139220299999714e+00 9.078823081141999864e+02 9.796771969641999931e+02 3.677341613500000221e+02 5.102189940999999749e+02 6.411556702000000314e+02 8.202006065142001034e+02 9.511186489308665841e+02 3.514371643499999891e+02 4.939876709999999775e+02 6.014721680000000106e+02 1.357644699999999638e+01 1.652066802999999595e+02 3.259586792000000059e+02 4.427806396999999379e+02 5.686505127999998876e+02 7.203323364000000311e+02 1.252961806999999794e+02 2.672539774666666403e+02 3.889984894499999655e+02 5.215126952999999048e+02 5.664186706999998933e+02 7.014608460000000605e+02 8.765096617642000183e+02 2.751513214000000289e+02
4.030139220299998826e+00 9.072089912641999945e+02 9.803966284642001483e+02 3.674083252000000357e+02 5.098996581999999762e+02 6.409406738000002406e+02 8.196558371641997383e+02 9.499406500642003266e+02 3.511519774999999299e+02 4.944969940500000121e+02 6.011932983000001514e+02 1.333586310000000452e+01 1.647493439000000421e+02 3.261141662500000393e+02 4.423703307999999197e+02 5.684066772999999557e+02 7.191742350666667107e+02 1.246566695999999865e+02 2.660903014999998959e+02 3.886663512999998602e+02 5.208795165999999881e+02 5.659130249500000218e+02 7.011740112000002227e+02 8.762179862641996806e+02 2.748909911999999167e+02
5.030139220299998826e+00 9.067903052642004695e+02 9.808989707142000043e+02 3.671031646999999793e+02 5.095903167999999823e+02 6.405326537999999346e+02 8.183576270141998066e+02 9.496851416641998185e+02 3.505234833000000663e+02 4.942016601999998784e+02 6.005414733999998589e+02 1.294789319999999577e+01 1.644671783499999833e+02 3.264120026000000507e+02 4.420833283000000620e+02 5.689396667500000149e+02 7.178576659999998810e+02 1.242156600999999796e+02 2.658103333000000248e+02 3.883406830000001264e+02 5.211553344499998275e+02 5.652830199999998513e+02 7.005383300499997858e+02 8.758613234141998873e+02 2.742179870500000334e+02
6.030139220299998826e+00 9.061901389141999061e+02 9.824855658441999822e+02 3.686263977199998294e+02 5.102179870500001471e+02 6.398978271500000119e+02 8.173850833142000738e+02 9.503882056892002765e+02 3.498889771999997720e+02 4.936444854999999734e+02 5.998773193999995783e+02 1.232570030000000116e+01 1.648298340000000053e+02 3.261306763000002320e+02 4.424154968499999541e+02 5.686423339999996642e+02 7.172306519000003391e+02 1.235816689000000110e+02 2.661418457499999022e+02 3.886735229999999319e+02 5.215419921999996404e+02 5.648439941999999974e+02 7.008118286999997508e+02 8.761568098642001132e+02 2.735303344999999808e+02
7.030139220299998826e+00 9.055759955641997294e+02 9.840922995642004025e+02 3.692283324999998513e+02 5.108361358500001188e+02 6.402331543499999498e+02 8.168037024641998869e+02 9.496876364642002954e+02 3.494736226666665857e+02 4.939461670000000595e+02 5.995574950999998691e+02 1.262268400000000668e+01 1.642070006999999805e+02 3.255146484500000952e+02 4.427044983499999944e+02 5.680110168500000327e+02 7.167880248999999822e+02 1.229519957999999633e+02 2.655216675000001487e+02 3.889468383999997059e+02 5.220524902499996642e+02 5.645756835999998202e+02 7.014163513499997862e+02 8.755576468641993415e+02 2.732711639499999592e+02
8.030139220299998826e+00 9.049561453641999833e+02 9.837769690641998750e+02 3.688333130000000892e+02 5.113486633000002257e+02 6.399226686000001791e+02 8.161689063141998304e+02 9.487081290142004946e+02 3.501223145000003569e+02 4.936406555000003209e+02 5.999171753000000535e+02 1.229623319999998898e+01 1.637873383000001013e+02 3.248789673999999650e+02 4.423949890000003506e+02 5.673896484999995664e+02 7.161171570000001338e+02 1.226106681999999637e+02 2.651046753000000535e+02 3.895123290999999881e+02 5.223775024500000654e+02 5.652276611500001309e+02 7.011003418000000238e+02 8.751653052641995600e+02 2.737004242499999691e+02
9.030139220299998826e+00 9.052794562141998540e+02 9.834268180142007623e+02 3.681718444499997531e+02 5.107188263000002735e+02 6.396470031999997445e+02 8.155331831641997269e+02 9.480779639642005350e+02 3.498846741000002112e+02 4.933251648000000387e+02 6.005328369499998189e+02 1.199683575000000246e+01 1.631545105499999408e+02 3.246001587000000654e+02 4.419353333999997631e+02 5.669929810000003272e+02 7.155013428000002023e+02 1.231649932999998782e+02 2.644569854999997460e+02 3.902651265999999737e+02 5.225806885000001785e+02 5.657593384000001606e+02 7.008346863500000836e+02 8.752615449641998566e+02 2.733877410999998574e+02
1.003013922029999883e+01 9.049619666641992808e+02 9.840498114641995926e+02 3.675216979999995601e+02 5.101849975499999346e+02 6.401896362000006775e+02 8.151190863642004842e+02 9.476576300642009301e+02 3.505606689500000357e+02 4.938610230000003867e+02 6.013603515999993760e+02 1.263624144999999999e+01 1.633084259500000144e+02 3.251909942500001307e+02 4.413183288499999435e+02 5.668261718999997356e+02 7.150789795000000595e+02 1.229876633000000083e+02 2.638226623999998992e+02 3.921845779500001754e+02 5.230468444999996791e+02 5.655623169000000416e+02 7.014396667500004696e+02 8.764113074642009451e+02 2.725796509000001606e+02
1.103013922029999883e+01 9.046324759642002391e+02 9.846728049141984229e+02 3.669213409499998306e+02 5.107059937000003629e+02 6.399096680000002380e+02 8.149314604641995174e+02 9.474394751641993935e+02 3.511345062499999585e+02 4.932309875999999349e+02 6.014549967666667953e+02 1.315291880000000901e+01 1.648073425499999303e+02 3.257066651000004640e+02 4.407893371999998635e+02 5.674110107500000595e+02 7.141165771666661612e+02 1.235648193499999934e+02 2.635706787499996153e+02 3.932265014500003417e+02 5.236001587500004462e+02 5.665084635666662507e+02 7.019320067999997264e+02 8.761444617142005882e+02 2.723651580999999169e+02
1.203013922029999883e+01 9.052294761142002244e+02 9.851726446641987422e+02 3.662983398999995188e+02 5.100968170000005557e+02 6.401150207999999111e+02 8.151852637142001186e+02 9.476679831641995406e+02 3.513684997499999554e+02 4.925976563000003807e+02 6.026036377000000357e+02 1.250926115000001460e+01 1.650943374500000118e+02 3.250700073500001963e+02 4.412833252000000357e+02 5.678773194000004878e+02 7.122216593666665858e+02 1.242851677500000278e+02 2.638165130500001396e+02 3.926903382000000420e+02 5.238281555499997921e+02 5.676443481999995129e+02 7.013453674499996850e+02 8.763726340642006107e+02 2.730581512999997358e+02
1.303013922029999705e+01 9.058919898141994054e+02 9.847262945641996339e+02 3.658433228000003510e+02 5.094976807000002736e+02 6.396360168999999587e+02 8.146398745641999994e+02 9.471361533142007829e+02 3.506706543000000238e+02 4.921206359999996494e+02 6.027998352499998873e+02 1.202470395000000281e+01 1.643956757000000835e+02 3.244210204999999405e+02 4.408433228000003510e+02 5.672184753999999884e+02 7.106983337999990908e+02 1.246316680999998425e+02 2.631549987999997029e+02 3.921900024000005942e+02 5.232881469499998275e+02 5.672666625999991084e+02 7.008563538500002323e+02 8.757513037641983829e+02 2.733493347000003268e+02
1.403013922029999705e+01 9.064749823642014235e+02 9.852321539641998243e+02 3.652304992499998662e+02 5.090856628000001365e+02 6.401596680000002380e+02 8.151577139641995018e+02 9.476783209642017027e+02 3.511731414999999288e+02 4.926391601499999524e+02 6.032153320999996140e+02 1.252153590000000349e+01 1.639843292000000474e+02 3.240406799000002138e+02 4.402924804500003120e+02 5.675013427499998215e+02 7.101302489999998215e+02 1.251743430999999873e+02 2.627409973000003447e+02 3.926584930500002883e+02 5.238653563999996550e+02 5.678108521000003748e+02 7.013560180999993463e+02 8.753413153641995450e+02 2.739375000000000000e+02
1.503013922029999705e+01 9.060153113642008975e+02 9.847278204642007040e+02 3.645866394000004220e+02 5.095556640999993760e+02 6.397326659999998810e+02 8.146895399642016855e+02 9.472456428641999082e+02 3.509769898000004105e+02 4.933054962500000329e+02 6.034060059000003093e+02 1.207686230000001615e+01 1.633253326500000639e+02 3.234114990000002763e+02 4.413437271249999867e+02 5.689688263250000091e+02 7.096749878000009630e+02 1.246565209499999582e+02 2.621490020999999615e+02 3.921211548499995843e+02 5.241765137000002142e+02 5.684040222000003268e+02 7.017283325999997032e+02 8.758151541642000666e+02 2.745760040499999377e+02
1.603013922029999705e+01 9.071443142308659162e+02 9.849686499642011768e+02 3.651084747499999139e+02 5.101430053499998394e+02 6.408165486999999985e+02 8.152114306641997246e+02 9.477834769641995081e+02 3.514941711499996018e+02 4.939331664999999703e+02 6.039233398500000476e+02 1.266127919999999563e+01 1.635826568999998472e+02 3.236890258500002346e+02 4.426743317000000388e+02 5.708697713666666687e+02 7.091103210999990551e+02 1.240213546999998471e+02 2.606483255999998505e+02 3.924129943999996613e+02 5.249249877999991440e+02 5.690506896999995661e+02 7.024201355500008503e+02 8.764624892641986662e+02 2.751956787500002974e+02
1.703013922029999705e+01 9.072763128642000083e+02 9.847139807642015512e+02 3.648206482000005053e+02 5.096255035500007580e+02 6.408873291999989306e+02 8.147000838641997689e+02 9.474776526642017416e+02 3.512000122000008560e+02 4.936376648000004934e+02 6.034256592000001547e+02 1.211527639999999906e+01 1.633276672000001781e+02 3.234317017000003034e+02 4.423576659999998810e+02 5.715506592000001547e+02 7.084966430999993463e+02 1.232318286999999373e+02 2.597246703999999227e+02 3.922066649999997026e+02 5.247470092999992630e+02 5.686793213000000833e+02 7.021640015000011772e+02 8.761393195642012870e+02 2.758448334500003511e+02
1.803013922029999705e+01 9.068153143642011855e+02 9.843293220642008237e+02 3.642104950499997358e+02 5.083926696999997148e+02 6.414184875499995542e+02 8.133964892641997722e+02 9.471688147641998512e+02 3.508661499999998341e+02 4.933050079499998901e+02 6.034860229999994772e+02 1.217995830000000979e+01 1.627743301499999689e+02 3.239528350999999020e+02 4.420688477000003331e+02 5.720935059000003093e+02 7.089943237000006775e+02 1.228657112500000039e+02 2.602341919000000416e+02 3.918303527999996732e+02 5.243066405999998096e+02 5.683241882499996791e+02 7.017236327999999048e+02 8.758456488642004842e+02 2.764776763999998366e+02
1.903013922029999705e+01 9.061589804641989758e+02 9.837514792642014072e+02 3.635993347000003268e+02 5.073851470999998128e+02 6.410573120000008203e+02 8.123737613142002374e+02 9.487667151641995815e+02 3.511444854999999734e+02 4.935888367000006838e+02 6.036540221999985079e+02 1.357143765999998131e+01 1.641517792000001066e+02 3.236626586999991559e+02 4.436259948999995686e+02 5.727421875000000000e+02 7.086993408000016643e+02 1.223500060999999732e+02 2.599250184000002264e+02 3.914850006500000745e+02 5.236640015000002677e+02 5.698965332199998102e+02 7.010886536499983777e+02 8.761693145141998684e+02 2.761793517999994947e+02
2.003013922029999705e+01 9.065006476641992776e+02 9.840108176641988393e+02 3.624791056666666123e+02 5.076928405999997267e+02 6.407650146999985736e+02 8.127265616641998349e+02 9.503299628142012807e+02 3.505009766000002855e+02 4.929419861999995192e+02 6.030076904000015929e+02 1.512018584999998438e+01 1.641319885000002614e+02 3.230160065000000031e+02 4.451814575500002320e+02 5.733333435000004101e+02 7.080608215499996732e+02 1.217240028500000335e+02 2.596283416999999645e+02 3.917368317000000388e+02 5.239654846500006897e+02 5.714613342499997088e+02 7.004913330000017595e+02 8.755229712641994411e+02 2.755156708000004073e+02
2.103013922029999705e+01 9.062053138642004342e+02 9.836933203641965520e+02 3.613536681999994471e+02 5.074033507999993162e+02 6.410601807000002736e+02 8.124349928642004670e+02 9.500086432641983265e+02 3.498806610000001456e+02 4.923585053000006155e+02 6.024183349999984785e+02 1.482040499999999383e+01 1.635351639000000432e+02 3.223853149999995367e+02 4.449072875999991084e+02 5.738593140000011772e+02 7.074080199999989418e+02 1.210976639000000432e+02 2.599210052499997801e+02 3.919426576000005298e+02 5.236690063999994891e+02 5.711542969000001904e+02 6.999313354999994772e+02 8.748751479141992604e+02 2.758111571999997977e+02
2.203013922029999705e+01 9.058956443142014905e+02 9.833748236641986296e+02 3.596313293599999952e+02 5.069497069999997620e+02 6.414058227999994415e+02 8.121448299141993630e+02 9.496598121142014861e+02 3.505206910000006246e+02 4.925682983999995486e+02 6.028509521999998242e+02 1.455347159999999462e+01 1.638276673000000301e+02 3.219503174000001309e+02 4.445994720499984396e+02 5.732276916499995423e+02 7.071156616000007489e+02 1.207956733499997881e+02 2.600796508999992511e+02 3.919088439999995899e+02 5.233591613499993400e+02 5.708518067000004521e+02 7.000942992999989656e+02 8.750859824641993328e+02 2.763052979000003688e+02
2.303013922029999705e+01 9.065189734142004454e+02 9.839033118641964393e+02 3.575503539999990608e+02 5.062946777500001190e+02 6.419533082000016293e+02 8.126800642642010644e+02 9.501833258642000146e+02 3.514840241000001697e+02 4.930114898500005438e+02 6.032623291000018071e+02 1.401109473333334243e+01 1.643903350999999020e+02 3.213128356999995958e+02 4.458823089500001515e+02 5.727095031999997445e+02 7.077380065999986982e+02 1.213250046000002840e+02 2.601356659499997477e+02 3.913356934000003093e+02 5.238732909999998810e+02 5.713829956000008679e+02 7.001101684999994177e+02 8.755884810642000957e+02 2.767536316000005172e+02
2.403013922029999705e+01 9.071774665642005857e+02 9.832643195142009063e+02 3.569538269499998933e+02 5.056539917000009154e+02 6.423406677000002674e+02 8.124045116142006009e+02 9.499026557142024103e+02 3.519973449999997683e+02 4.935853272000003926e+02 6.039859822999993639e+02 1.315130039999996825e+01 1.647656479000002037e+02 3.207794952500007639e+02 4.473195038000012573e+02 5.732910155999998096e+02 7.083601684499990370e+02 1.210685119999998278e+02 2.595624847500002943e+02 3.910936890499997389e+02 5.236215210000009392e+02 5.711286620999999286e+02 6.996071472000003268e+02 8.761131354642002407e+02 2.773123169000000416e+02
2.503013922029999350e+01 9.076859656641972833e+02 9.826236487642017892e+02 3.563226623999998992e+02 5.050400085499986744e+02 6.430408325499993225e+02 8.126373892642004648e+02 9.501398078141974111e+02 3.514016571499996644e+02 4.939893187999987276e+02 6.051176758000001428e+02 1.251828100000000177e+01 1.650153198500001963e+02 3.212723389000002499e+02 4.475828400000009424e+02 5.726211548000010225e+02 7.088770141999993939e+02 1.213180198999998538e+02 2.601069946000006894e+02 3.913158417000013287e+02 5.238883361999996850e+02 5.713689880499987339e+02 7.000780029000015929e+02 8.763564787642026204e+02 2.775521698499997001e+02
2.603013922029999350e+01 9.072339544642018154e+02 9.822266608642021311e+02 3.558933106000004045e+02 5.044243468999993638e+02 6.434276734000013676e+02 8.120961962641977152e+02 9.496281271642001229e+02 3.507619933999994828e+02 4.933049927000010939e+02 6.046300048999983119e+02 1.199765684999999849e+01 1.644636535999998159e+02 3.208636475999992399e+02 4.469660034000007727e+02 5.719210205999988830e+02 7.084493408000016643e+02 1.201265907499996501e+02 2.596796570000005886e+02 3.908041839500001515e+02 5.227899984000008544e+02 5.708085023000003275e+02 6.996492919999982405e+02 8.757999984142006724e+02 2.769713439999995899e+02
2.703013922029999350e+01 9.077759772142017027e+02 9.816411505642026896e+02 3.564423370499998782e+02 5.039666747999981453e+02 6.439259948500002793e+02 8.127364893642006791e+02 9.501699591642027372e+02 3.502996521000004577e+02 4.935963287499998842e+02 6.057675577999992811e+02 1.251893710000001647e+01 1.650299834999996165e+02 3.188809875799997826e+02 4.474348297500000626e+02 5.723729858500009868e+02 7.090231628499986982e+02 1.197978057999998782e+02 2.601944885499997326e+02 3.913450317999995605e+02 5.227969970999984071e+02 5.714093628000009630e+02 6.990241698999998334e+02 8.764293280642013997e+02 2.765440063999994891e+02
2.803013922029999350e+01 9.084078284142015036e+02 9.809929724641988287e+02 3.559383392499994443e+02 5.033114776999991591e+02 6.433489990500002023e+02 8.132722006641997723e+02 9.497276526642017416e+02 3.496535034499993344e+02 4.941418457499985379e+02 6.058920288000008441e+02 1.208753490000003694e+01 1.653668213000000833e+02 3.171856690000004164e+02 4.480026703000003181e+02 5.729278564500000357e+02 7.085098572000006243e+02 1.196406669499997406e+02 2.596666564999995899e+02 3.917041779499995755e+02 5.221578369500002736e+02 5.726210022000004756e+02 6.984013062000012724e+02 8.760093222642026376e+02 2.759045105500008503e+02
2.903013922029999350e+01 9.090421592142010923e+02 9.814851447141991230e+02 3.561815033000002586e+02 5.036066589500005648e+02 6.436124877999991440e+02 8.128708067642000969e+02 9.502788153642031830e+02 3.499298248499999318e+02 4.948025054999998247e+02 6.053076782499992987e+02 1.261145734999996648e+01 1.660848159499996655e+02 3.165218506000001071e+02 4.478073426000009931e+02 5.736173095499998453e+02 7.087633362499982468e+02 1.198768463000001248e+02 2.590476378999992448e+02 3.923849945500005560e+02 5.224447021500000119e+02 5.739295043999991321e+02 6.963890014600001450e+02 8.764858122641999216e+02 2.752740173000001960e+02
3.003013922029999350e+01 9.086846533642019494e+02 9.810021429642001749e+02 3.559226686000001791e+02 5.033993530000007013e+02 6.439500121999990370e+02 8.147471961042014073e+02 9.497591544141978375e+02 3.496869812000004458e+02 4.946009827000016230e+02 6.052239990000016405e+02 1.209542464999998401e+01 1.666531601000001501e+02 3.159116821999996318e+02 4.483381652999996732e+02 5.740029906999989180e+02 7.102071075749990996e+02 1.196026763999998366e+02 2.585986634000000777e+02 3.921900023999987752e+02 5.229908447500001785e+02 5.733706665499994415e+02 6.946573486999986926e+02 8.759324904142013111e+02 2.743515422333330207e+02
3.103013922029999350e+01 9.094593054841985804e+02 9.803916540642021573e+02 3.564708252500004164e+02 5.039090271000004577e+02 6.445271911500003625e+02 8.167693587641988415e+02 9.498079901641976903e+02 3.502229919500005053e+02 4.942483214999992924e+02 6.054600219999992987e+02 1.230699585000002116e+01 1.671279907000007370e+02 3.164508514499993908e+02 4.493298340499986807e+02 5.742590026999987458e+02 7.115071716499987815e+02 1.201750182999999197e+02 2.583156586000004609e+02 3.917670288000008441e+02 5.234790038999999524e+02 5.734530029999987164e+02 6.942466430999993463e+02 8.759929953641985776e+02 2.738592733333328511e+02
3.203013922029999350e+01 9.115676337141994736e+02 9.799639960642016376e+02 3.571015014999993582e+02 5.036120301000009931e+02 6.448420104999986506e+02 8.177541933641987271e+02 9.499654990142007591e+02 3.508648376500004815e+02 4.936883239500002674e+02 6.047833251999982167e+02 1.207930369999996856e+01 1.673058395500002007e+02 3.161537169999992329e+02 4.502694854500005022e+02 5.736633301000001666e+02 7.111840210000009392e+02 1.198806764000000840e+02 2.586726380000000063e+02 3.914263611000005767e+02 5.236751710000007733e+02 5.739400024000005942e+02 6.936415101000020513e+02 8.761729918642013217e+02 2.735413207999990846e+02
3.303013922029999350e+01 9.121521597642022243e+02 9.796373282141976233e+02 3.580793457499985379e+02 5.033106689500000357e+02 6.441970214999964810e+02 8.183472625141985191e+02 9.502463065142001142e+02 3.514670104999986506e+02 4.939815063499991084e+02 6.045041808999994828e+02 1.263485530000002655e+01 1.676425171500004581e+02 3.158230285999989064e+02 4.508746642999994947e+02 5.733496704500012129e+02 7.108468018000021402e+02 1.195708351500002209e+02 2.580026550000002317e+02 3.917618407999998453e+02 5.239385070999996969e+02 5.745921631000001071e+02 6.939801635499970871e+02 8.764693213141981687e+02 2.729331664999999703e+02
3.403013922029999350e+01 9.134645720641983644e+02 9.799658118642000773e+02 3.589339905999986513e+02 5.038973389000002499e+02 6.434591980000022886e+02 8.189759322641984909e+02 9.499219733642021311e+02 3.511759949000006600e+02 4.945073548000000301e+02 6.050266724000030081e+02 1.325686265000001640e+01 1.682668228499996985e+02 3.163619995000008203e+02 4.523630188399998815e+02 5.739891663000016706e+02 7.114655151500010106e+02 1.198738327000000936e+02 2.575251363666666293e+02 3.919626769999995304e+02 5.244866943999986688e+02 5.748993225499980326e+02 6.945738525499982643e+02 8.761749946642012219e+02 2.723043517999994947e+02
3.503013922029999350e+01 9.148804923141979089e+02 9.801119910642009927e+02 3.586691741999984515e+02 5.045404968500006362e+02 6.437700196000005235e+02 8.196003562142032024e+02 9.496248007641988806e+02 3.508416595999988203e+02 4.948659973499998159e+02 6.044621886999993876e+02 1.388620900000000802e+01 1.692108230499998172e+02 3.157254944500000420e+02 4.540303242999992221e+02 5.742755127500022354e+02 7.120736694999977772e+02 1.201864929499997743e+02 2.571438446499996644e+02 3.923566742000002705e+02 5.248385010000001785e+02 5.742589721999975154e+02 6.949826660000035190e+02 8.758464881142026570e+02 2.720191803499992602e+02
3.603013922029999350e+01 9.151851416641984542e+02 9.801493216141971061e+02 3.588948364499992749e+02 5.051080016999985673e+02 6.438278198500011058e+02 8.201240874642026029e+02 9.501399756641985732e+02 3.514536743499993463e+02 4.950943298500005767e+02 6.038519898000013200e+02 1.356612299999994775e+01 1.701658324999998513e+02 3.144347839666673394e+02 4.552436675999997533e+02 5.736390381000019261e+02 7.126733093500006362e+02 1.198673325999998269e+02 2.562986755000001722e+02 3.925956726500007790e+02 5.250700073500011058e+02 5.738619995999979437e+02 6.950416870500012010e+02 8.763719778641971061e+02 2.725336609000005410e+02
3.703013922029999350e+01 9.145119543641994824e+02 9.795299902642000234e+02 3.583556671499991353e+02 5.048390045000014652e+02 6.431863403000024846e+02 8.198880301641984261e+02 9.498789740641987009e+02 3.519389953999998397e+02 4.945296783499998128e+02 6.032235107499982405e+02 1.326345680000002858e+01 1.708173294999996870e+02 3.132606812000012724e+02 4.558293152000005648e+02 5.732296752999973251e+02 7.133085021999977471e+02 1.195920066999997289e+02 2.557185058499999286e+02 3.920933379999987665e+02 5.245328369500002736e+02 5.736693420999981754e+02 6.943750000000000000e+02 8.757204657142028736e+02 2.719118347000003268e+02
3.803013922029999350e+01 9.138997870641978807e+02 9.788758078641985776e+02 3.589466858000014327e+02 5.052726746000007552e+02 6.425805054000011296e+02 8.205595084142005362e+02 9.505188132641997072e+02 3.515035888799997110e+02 4.950800171000009868e+02 6.025756836000000476e+02 1.457368944999996074e+01 1.723403371333333780e+02 3.130700073499992868e+02 4.564156798999974853e+02 5.730679931999984547e+02 7.146396942249994026e+02 1.200973358000001099e+02 2.551176453000007314e+02 3.936025594333332265e+02 5.250473633000001428e+02 5.739451904500019737e+02 6.942508545000018785e+02 8.751292944641973008e+02 2.713026734000013676e+02
3.903013922029999350e+01 9.133832999641999777e+02 9.783855505975346887e+02 3.592423248499999318e+02 5.045536601333321300e+02 6.412251892499989481e+02 8.209089270641998155e+02 9.508909827641982702e+02 3.507049866000015754e+02 4.946316528999996081e+02 6.021046752999973251e+02 1.607664725000000772e+01 1.724411774000000150e+02 3.134626769999995304e+02 4.576666717749976669e+02 5.734283447999987402e+02 7.158726807999992161e+02 1.196493301999998948e+02 2.546706391000006988e+02 3.936940154999992956e+02 5.246470336999991559e+02 5.734155273500000476e+02 6.944415283500020450e+02 8.746966238641980453e+02 2.706548309999998310e+02
4.003013922029999350e+01 9.139076453641973785e+02 9.786764822641998762e+02 3.599678192000010313e+02 5.044614258000001428e+02 6.406948547499996494e+02 8.216805004308649814e+02 9.515104895141994348e+02 3.502906494000017119e+02 4.940500030499988497e+02 6.014988403499992273e+02 1.655167959999994309e+01 1.739438248000005842e+02 3.140153350999989925e+02 4.589716644499967515e+02 5.739591675000010582e+02 7.164476623500013375e+02 1.201888313499998731e+02 2.551763153000001694e+02 3.951849975499990251e+02 5.251880187999995542e+02 5.739066772000005585e+02 6.938546753999980865e+02 8.752444678142019256e+02 2.700533447000016167e+02
4.103013922029999350e+01 9.134876471641982789e+02 9.784936590642028023e+02 3.597569885999982944e+02 5.033378448500006925e+02 6.396950072999970871e+02 8.222095710642024642e+02 9.510033331641971017e+02 3.496546631500004878e+02 4.934503173999983119e+02 6.008573608000006061e+02 1.587710524999999961e+01 1.733629836999998588e+02 3.134784698499988735e+02 4.583880004999991797e+02 5.734146728500018071e+02 7.159303283500012185e+02 1.196554946999999629e+02 2.546576614500008873e+02 3.946539917499994772e+02 5.246515198500019324e+02 5.734536742999989656e+02 6.934253539999990608e+02 8.747534705141988525e+02 2.696480102999994415e+02
4.203013922029999350e+01 9.140033103142013715e+02 9.778771659142003045e+02 3.602680053999993106e+02 5.030556793999967340e+02 6.401919860999987577e+02 8.234055522975322674e+02 9.503906622641952708e+02 3.499168395999986387e+02 4.939085083500012843e+02 6.002196655500010820e+02 1.611860604999998259e+01 1.736181564499993328e+02 3.128446350000012899e+02 4.586703338999977859e+02 5.736820068999986688e+02 7.161605225499988592e+02 1.198731498999995893e+02 2.549161605999997846e+02 3.948411559999985911e+02 5.249226684500026749e+02 5.728346863000006124e+02 6.939368591499987815e+02 8.749867672641994432e+02 2.701488495000012335e+02
4.303013922029999350e+01 9.134861441141947580e+02 9.772406532642053207e+02 3.608516693000001396e+02 5.035453491499974916e+02 6.396671447500011709e+02 8.252395506892007688e+02 9.509003134642043733e+02 3.496730042000017420e+02 4.936083374000008916e+02 5.996783447999987402e+02 1.583706859999995231e+01 1.739583282000003237e+02 3.133380127500004164e+02 4.601137542750002467e+02 5.734459838999973726e+02 7.159353638000029605e+02 1.196343230999991647e+02 2.547089997000002768e+02 3.946246643000013137e+02 5.263767547749994264e+02 5.722036742999989656e+02 6.934169922000000952e+02 8.747496634642011486e+02 2.698379821999988053e+02
4.403013922029999350e+01 9.135216437641938683e+02 9.768083105641999282e+02 3.605183106000004045e+02 5.039066773000013200e+02 6.397563477000003331e+02 8.265227995642017049e+02 9.514841376141994260e+02 3.501946716499987815e+02 4.932994842500011146e+02 5.990681763000029605e+02 1.634409240000002228e+01 1.745439987499994459e+02 3.139628448500006925e+02 4.614354858500009868e+02 5.739353332499995304e+02 7.164811401500010106e+02 1.192323302999993757e+02 2.552251587000009749e+02 3.942399901999997383e+02 5.267393188999994891e+02 5.727261658499992336e+02 6.934710083000027225e+02 8.752763243642002635e+02 2.695576629999995930e+02
4.503013922029999350e+01 9.136809836641987204e+02 9.761693106641978375e+02 3.599096527499987133e+02 5.036053467000019737e+02 6.398996582500003569e+02 8.262215338642054121e+02 9.511869726642034948e+02 3.499173279999995430e+02 4.935986480999999912e+02 5.984230346999975154e+02 1.606600759999992079e+01 1.748895111000001634e+02 3.145605164000007790e+02 4.620753173499979312e+02 5.736203613999969093e+02 7.161576538000008441e+02 1.186354942500001926e+02 2.549380036000002292e+02 3.936421662000011565e+02 5.261501465500004997e+02 5.724286499000008916e+02 6.936213379000000714e+02 8.750176535642021918e+02 2.699340057500012335e+02
4.603013922029999350e+01 9.143002997142029926e+02 9.764701377142046113e+02 3.602263488999997207e+02 5.033211822999983269e+02 6.401771850500008441e+02 8.258925543642035336e+02 9.509064704142001574e+02 3.492768249500004458e+02 4.929516602000003331e+02 5.980346680000002380e+02 1.546621515000003910e+01 1.752253494500000670e+02 3.155166626499994891e+02 4.626856537000021490e+02 5.729589844000001904e+02 7.158241577499975392e+02 1.180123215000003256e+02 2.542778472999998485e+02 3.939366912999994383e+02 5.264788208499994653e+02 5.717616883000009693e+02 6.930363769999967190e+02 8.738584255642005019e+02 2.685201212666664219e+02
4.703013922029999350e+01 9.162049262241984025e+02 9.761742926642036764e+02 3.599240112000006775e+02 5.046506805750013882e+02 6.398576660000035190e+02 8.265440017142027500e+02 9.514753180642001098e+02 3.486076659999998810e+02 4.923216553000020212e+02 5.974203186000013375e+02 1.483935939999992115e+01 1.749033507999993162e+02 3.171286697500008813e+02 4.623519898000013200e+02 5.722903443000031984e+02 7.161116638499988767e+02 1.173758430500001850e+02 2.536456757000014477e+02 3.936400146999985736e+02 5.271359863500001666e+02 5.710986938999994891e+02 6.924266663000016706e+02 8.724589720641961321e+02 2.673403319999997620e+02
4.803013922029999350e+01 9.177669821642048191e+02 9.759031287142061046e+02 3.594833374000008916e+02 5.061316681499993138e+02 6.395329894999995304e+02 8.271467505641994649e+02 9.512342978642045637e+02 3.483151702999984991e+02 4.916806641000002855e+02 5.975336913999999524e+02 1.420849420000001828e+01 1.745653382000000420e+02 3.185501709000000119e+02 4.620418395999986387e+02 5.719916687500008265e+02 7.162999877999973251e+02 1.175340118999993138e+02 2.533713455500001146e+02 3.933248443500015128e+02 5.276183471999975154e+02 5.708020019499999762e+02 6.926137085000009392e+02 8.718209677642007591e+02 2.671149902500001190e+02
4.903013922029998639e+01 9.182786322642059531e+02 9.764546423642023001e+02 3.588436584499995661e+02 5.063755035499998485e+02 6.400386962999982643e+02 8.276443701641983353e+02 9.514678107141953660e+02 3.488296508999992511e+02 4.906328735666684224e+02 5.975468445000005886e+02 1.357592300000010255e+01 1.750716704999995272e+02 3.188053283999997802e+02 4.625650024999995367e+02 5.725483399000004283e+02 7.163359985499992035e+02 1.176096687499994005e+02 2.539495010999999067e+02 3.938760072000004584e+02 5.276506652999996732e+02 5.713376464999964810e+02 6.926460266499998397e+02 8.713746405642013997e+02 2.676353149999995367e+02
5.003013922029998639e+01 9.186633063141998718e+02 9.758473196642007679e+02 3.583215027000005648e+02 5.058354949999993551e+02 6.394256897500017658e+02 8.269946738141952665e+02 9.500858832641970366e+02 3.485904998999994859e+02 4.894853211000008741e+02 5.970181884499979788e+02 1.329783059999999750e+01 1.748190002499995899e+02 3.182748413499994058e+02 4.623396453999994264e+02 5.719171753000009630e+02 7.157884826499976043e+02 1.171050148000003901e+02 2.544513245000016468e+02 3.936329956500012486e+02 5.270961609000005410e+02 5.707123108000014327e+02 6.920971679499998572e+02 8.711314841142011574e+02 2.667050171000009868e+02
5.103013922029998639e+01 9.193214789142002701e+02 9.752279730642039794e+02 3.588183289000007790e+02 5.073324483333344688e+02 6.388173218000010820e+02 8.264644881142012309e+02 9.488769904641958419e+02 3.492670135500011384e+02 4.884502156666664519e+02 5.975620116999998572e+02 1.461559200000004921e+01 1.751074906000003466e+02 3.188460083999998460e+02 4.625793152000005648e+02 5.713089600000021164e+02 7.163641662500012899e+02 1.184099293000003854e+02 2.541066589000001841e+02 3.943111572000016167e+02 5.283761749250024877e+02 5.701183471999975154e+02 6.934019012749995454e+02 8.713866492141969502e+02 2.651201629999995930e+02
5.203013922029998639e+01 9.197116614642000059e+02 9.748192969641968375e+02 3.583923340000001190e+02 5.074416809000031208e+02 6.384023438000003807e+02 8.270903426142031094e+02 9.484299841642059619e+02 3.496470031999997445e+02 4.871180115000024671e+02 5.971538086333335968e+02 1.585420139999996536e+01 1.744903412000003300e+02 3.184156799000011233e+02 4.619053346000000602e+02 5.708919678000020212e+02 7.168996581999963382e+02 1.195950011999993876e+02 2.546018219500001578e+02 3.946869812000004458e+02 5.298846436000021640e+02 5.696723633000001428e+02 6.946496581999963382e+02 8.708401404141986859e+02 2.645243225000012899e+02
5.303013922029998639e+01 9.202624961142064421e+02 9.753761359142008587e+02 3.589441527999988466e+02 5.078098449999997683e+02 6.389923095500016643e+02 8.276309424641949590e+02 9.478458091142019839e+02 3.501860046500005410e+02 4.864791565000014089e+02 5.972417297499996494e+02 1.641066080000007332e+01 1.740789948000001459e+02 3.189408416999995097e+02 4.623516693499987014e+02 5.702801513999984309e+02 7.165343017999985022e+02 1.201741600499999549e+02 2.552185134999999718e+02 3.952694854500005022e+02 5.301400452500020037e+02 5.701549988000006124e+02 6.952313232500018785e+02 8.713859778641926823e+02 2.640886535999998159e+02
5.403013922029998639e+01 9.197208090641943272e+02 9.748064719142057584e+02 3.584396514999989449e+02 5.072113342000011471e+02 6.384813232499982405e+02 8.271813422642007936e+02 9.472969732641940936e+02 3.496498413999997865e+02 4.858630065999968792e+02 5.967062988666657475e+02 1.586779975000001741e+01 1.734503326499998366e+02 3.184046631000001071e+02 4.621363219999984722e+02 5.696589966000028653e+02 7.158491516499998397e+02 1.196275024500000654e+02 2.546971740999997564e+02 3.947314759000000777e+02 5.296770020000003569e+02 5.696336670000018785e+02 6.947201538000008441e+02 8.709606467642006464e+02 2.634438171500005410e+02
5.503013922029998639e+01 9.190819769641966559e+02 9.750653220141975908e+02 3.578066711999963445e+02 5.077240142999980890e+02 6.387393188999994891e+02 8.265233756142042694e+02 9.478004599641935783e+02 3.490223388999984309e+02 4.852466736000023957e+02 5.974196777500001190e+02 1.609259274999999434e+01 1.728560027999992599e+02 3.177856446000005235e+02 4.614954986999982793e+02 5.690276489499992749e+02 7.162167969000001904e+02 1.212536712600001891e+02 2.549698257500003820e+02 3.949878234999996494e+02 5.299923401000014564e+02 5.698905334499977471e+02 6.940869750999991084e+02 8.715101424142048927e+02 2.628526611999986926e+02
5.603013922029998639e+01 9.196478262642049231e+02 9.764819022642041091e+02 3.573510132000010344e+02 5.074006653000033111e+02 6.401520843750004133e+02 8.258962546641996596e+02 9.472878027642000234e+02 3.485933227999994415e+02 4.846003417999963858e+02 5.972063599000030081e+02 1.759776975000005450e+01 1.733270111499996347e+02 3.183341522499995335e+02 4.608926697999995667e+02 5.684526366999998572e+02 7.176321563999990758e+02 1.238411731999999574e+02 2.547103271999985736e+02 3.952869873000017833e+02 5.319255859199998895e+02 5.696770019999967190e+02 6.945743408000016643e+02 8.721431380641952273e+02 2.633958434999985911e+02
5.703013922029998639e+01 9.193299934641981963e+02 9.777717963142058579e+02 3.570868378000013763e+02 5.071016541000026336e+02 6.414873352499998873e+02 8.264544059141990147e+02 9.466399756642058492e+02 3.483143157999984396e+02 4.851526641999989806e+02 5.977405091000000539e+02 1.891230109999992237e+01 1.739531784000000698e+02 3.189688416000008147e+02 4.597703247333313925e+02 5.689766540500022529e+02 7.189475097499962430e+02 1.251116714500003582e+02 2.552523269499997696e+02 3.958063202500015905e+02 5.335120240000032936e+02 5.692630005000028177e+02 6.951640014500007965e+02 8.727584868642006768e+02 2.640009918499999912e+02
5.803013922029998639e+01 9.187563162642036332e+02 9.774272986642026808e+02 3.574201659999998810e+02 5.074080047499992361e+02 6.411766968000010820e+02 8.261680594641948119e+02 9.462019720641983440e+02 3.485979920000027050e+02 4.848190002999981516e+02 5.973670044000027701e+02 1.860308080000004338e+01 1.736023406999993313e+02 3.186579894999995304e+02 4.586376648000004934e+02 5.686913452000007965e+02 7.186600342000019737e+02 1.248020096000000194e+02 2.549246673999987252e+02 3.960964966499996081e+02 5.336756898000021465e+02 5.686653748499993526e+02 6.948543092000036268e+02 8.724419699642021442e+02 2.636996765000003506e+02
5.903013922029998639e+01 9.190380011641973397e+02 9.771394644642059575e+02 3.576823273000009067e+02 5.077140046000022267e+02 6.408261719500005711e+02 8.255367346641942277e+02 9.459071418141975300e+02 3.479559938000020338e+02 4.845323334000022442e+02 5.970763549499970395e+02 1.828488635000007889e+01 1.732801666499999556e+02 3.183505249000008916e+02 4.583404999000013049e+02 5.680156860500028415e+02 7.183785095499988529e+02 1.244888382500002990e+02 2.546483306999998604e+02 3.954530030000023544e+02 5.339660339000001841e+02 5.680449828999990132e+02 6.942433166999981040e+02 8.721194678641986684e+02 2.630588379000000714e+02
6.003013922029998639e+01 9.187296667641930981e+02 9.776486426641931757e+02 3.573909912000017357e+02 5.073993530000007013e+02 6.411420288500012248e+02 8.258865233142059878e+02 9.462014838142058579e+02 3.473289947500015842e+02 4.851681671500009543e+02 5.976890258999992511e+02 1.892337320000001455e+01 1.736311569500012411e+02 3.186961822499997652e+02 4.586161957000003895e+02 5.673900147000022116e+02 7.186991577500011772e+02 1.251120032999997420e+02 2.552401580999994621e+02 3.939573135250011546e+02 5.336676635999974678e+02 5.676996765499970934e+02 6.936329955999972299e+02 8.737079077642003995e+02 2.624290160999989894e+02
6.103013922029998639e+01 9.184134970642044209e+02 9.774339743641976384e+02 3.561980082333345194e+02 5.069640197999979137e+02 6.413213501000063843e+02 8.264587470141996164e+02 9.455756445642036851e+02 3.474859924999982468e+02 4.857873382500001753e+02 5.982436524000004283e+02 1.955233574999999746e+01 1.739228134000004502e+02 3.188460083999998460e+02 4.588153382000018610e+02 5.671119995500012010e+02 7.173046671666621705e+02 1.256453399999991234e+02 2.558854981000004045e+02 3.919683227499990608e+02 5.332573241999998572e+02 5.680446778000004997e+02 6.933623352499998873e+02 8.755756484141966212e+02 2.621248474000003625e+02
6.203013922029998639e+01 9.189473181641951669e+02 9.777131415141993784e+02 3.550123290999981691e+02 5.067770081499984371e+02 6.413581542999963858e+02 8.261410590642044554e+02 9.451649695641972357e+02 3.475151672499996494e+02 4.870700683750001190e+02 5.976250000500003807e+02 2.011325839999994969e+01 1.736186524000004283e+02 3.188745117500020569e+02 4.593283386499970220e+02 5.676796875000000000e+02 7.160437012000038521e+02 1.254539909499999339e+02 2.571786728249999214e+02 3.913753357000023243e+02 5.326160278500028653e+02 5.682659912000017357e+02 6.939013062000012724e+02 8.771816512391997094e+02 2.627420044500013319e+02
6.303013922029998639e+01 9.186944800142009626e+02 9.771931372641993221e+02 3.544430084499981604e+02 5.071350097999966238e+02 6.407093505999946501e+02 8.259685355142028129e+02 9.449114676142053213e+02 3.470119934499998635e+02 4.885496673999987252e+02 5.971138305999993463e+02 2.031276639999994771e+01 1.733086471499991603e+02 3.183525238500005798e+02 4.598633270499994978e+02 5.674283142499989481e+02 7.158145141999993939e+02 1.260116692000001422e+02 2.586258240000006481e+02 3.911625060999976995e+02 5.312728881666674852e+02 5.686291504499968141e+02 6.936623229999968316e+02 8.786238127641991014e+02 2.633385010000001785e+02
6.403013922029998639e+01 9.189057990141955088e+02 9.778358069642054033e+02 3.538356628999972600e+02 5.076860046500005410e+02 6.405206603999977233e+02 8.251995040141991922e+02 9.451914664641954005e+02 3.475883179000011296e+02 4.887656707999994978e+02 5.976233521000031033e+02 2.144409369999993942e+01 1.738063202000012097e+02 3.188520204000014928e+02 4.603653258999984246e+02 5.676681519000012486e+02 7.163346558000048390e+02 1.262854996000005485e+02 2.588909911999999167e+02 3.916143188999994891e+02 5.300729980999967665e+02 5.690956421000009868e+02 6.939023437500000000e+02 8.792738219141974696e+02 2.638250121999990370e+02
6.503013922029998639e+01 9.183019630641938420e+02 9.784826422641999670e+02 3.534079895000031684e+02 5.071901703500006988e+02 6.409216920000035316e+02 8.245081473642057972e+02 9.446503058142043301e+02 3.471620178000011947e+02 4.882168274000032397e+02 5.972173461999991559e+02 2.096775640000009844e+01 1.735556565000006231e+02 3.184183655000015278e+02 4.596671753999980865e+02 5.671119995000008203e+02 7.159136964000063017e+02 1.256199950999998691e+02 2.584094848999993701e+02 3.909028320500001428e+02 5.296936646000031033e+02 5.682855377249998128e+02 6.933586730999959400e+02 8.796446524641942233e+02 2.634206847999994352e+02
6.603013922029998639e+01 9.179229956641938770e+02 9.790129767642065417e+02 3.538994904000028328e+02 5.065709838999973726e+02 6.420362345666702595e+02 8.240516501641977811e+02 9.451553259641950717e+02 3.476504821999988053e+02 4.888066711999999825e+02 5.965893249500004458e+02 2.147584825000001274e+01 1.738151474000005692e+02 3.189238281500001904e+02 4.598945160000002943e+02 5.675913086000000476e+02 7.163798523000004934e+02 1.252536698000003526e+02 2.589840087999982643e+02 3.911489716500000213e+02 5.302120056000021577e+02 5.686538391499998397e+02 6.938629762000055052e+02 8.802293120641988935e+02 2.628148345999998128e+02
6.703013922029998639e+01 9.184141608142017503e+02 9.802641478892001032e+02 3.533759918499999912e+02 5.059391632500010019e+02 6.421660155999998096e+02 8.233978225141981966e+02 9.446826544641953660e+02 3.471209868999976607e+02 4.891414947500015842e+02 5.959367065999977058e+02 2.205481340000005730e+01 1.731353148999987752e+02 3.184114990000016405e+02 4.596659851000003982e+02 5.671836547999992035e+02 7.158983459500013851e+02 1.257728348499995263e+02 2.601848373749999155e+02 3.917323303499979374e+02 5.308024902500001190e+02 5.683920288000008441e+02 6.934219970999984071e+02 8.796794844141986687e+02 2.621860046000001603e+02
6.803013922029998639e+01 9.190024863142025424e+02 9.815403128641992225e+02 3.527480164000007790e+02 5.053309937000012724e+02 6.427188415999989957e+02 8.236477576141987811e+02 9.452094794142030878e+02 3.464840087999982643e+02 4.898446808000007877e+02 5.964461975499980326e+02 2.268216899999993075e+01 1.727203216999987490e+02 3.186883239999988291e+02 4.590356597999998485e+02 5.665285339500005648e+02 7.159370117500002380e+02 1.263861656500002937e+02 2.614953308500007552e+02 3.923773193499982881e+02 5.314348449499993876e+02 5.688485107500018785e+02 6.939531555499997921e+02 8.799546423642023001e+02 2.627290192499986006e+02
6.903013922029998639e+01 9.187613135642022826e+02 9.812383032641955651e+02 3.523329773000004934e+02 5.048766479999976582e+02 6.423919677999947453e+02 8.234283056642016163e+02 9.446946402641988243e+02 3.458603058000007877e+02 4.896296692000032635e+02 5.961646729000058258e+02 2.235210989999995945e+01 1.721216584000012517e+02 3.184553528000033111e+02 4.584219970999984071e+02 5.658473511999982293e+02 7.149041595500020776e+02 1.258961601499995595e+02 2.611643371999998635e+02 3.921310119999980088e+02 5.311243285999953514e+02 5.685617065999977058e+02 6.934008484000005410e+02 8.797146368641988374e+02 2.622031707499991171e+02
7.003013922029998639e+01 9.180773230642007547e+02 9.809106436641959590e+02 3.517379914000011922e+02 5.046134949000006600e+02 6.420976562500000000e+02 8.230325461642059963e+02 9.440716315642057452e+02 3.453086547999992035e+02 4.901926880000028177e+02 5.955043335000009392e+02 2.204926205000003847e+01 1.715283355999999912e+02 3.192901612000023306e+02 4.589526672499996494e+02 5.655036621000035666e+02 7.139840088000055403e+02 1.252526550000002317e+02 2.608551635999992868e+02 3.917510070999996969e+02 5.307955322500056354e+02 5.679580078500002855e+02 6.936745300999973551e+02 8.802428160642011790e+02 2.615286559999985911e+02
7.103013922029998639e+01 9.173913183641998330e+02 9.824878424641996162e+02 3.511266784999970696e+02 5.048815003000017896e+02 6.427070007500005886e+02 8.224263564642023994e+02 9.446724844642012613e+02 3.458410033999971347e+02 4.908128662499984785e+02 5.948546753999980865e+02 2.229413320000003296e+01 1.710743255999987014e+02 3.198986511499970220e+02 4.586593627999973251e+02 5.661071411400014313e+02 7.135697021999949357e+02 1.257679939500003456e+02 2.611671752999991440e+02 3.911371613000010257e+02 5.314246521499953815e+02 5.672786864999943646e+02 6.934869995000044582e+02 8.799503165641945088e+02 2.610790100000012899e+02
7.203013922029998639e+01 9.167844916641988675e+02 9.840369864642052562e+02 3.505159912500021164e+02 5.051921844500029692e+02 6.433259887499953038e+02 8.217904807642044034e+02 9.452739859641951625e+02 3.464503326500016556e+02 4.914006805500030168e+02 5.945676880000028177e+02 2.166421130000003359e+01 1.707685013499994966e+02 3.201598205500013137e+02 4.579918365500016080e+02 5.676716919500031509e+02 7.133070068499946501e+02 1.263915176500004236e+02 2.617676544500009186e+02 3.914049834999968880e+02 5.320493164500003331e+02 5.669908447000052547e+02 6.940028382000018610e+02 8.792648116142008803e+02 2.607939910999994026e+02
7.303013922029998639e+01 9.161666632642009063e+02 9.837279883642040659e+02 3.496967061333343736e+02 5.049463501999998698e+02 6.435874938999986625e+02 8.211964407642008155e+02 9.458658133642020402e+02 3.461510009999983595e+02 4.911313477000003331e+02 5.952043457000036142e+02 2.105318644999999833e+01 1.710894927999997890e+02 3.198496703999990132e+02 4.573446655000007013e+02 5.673286743000062415e+02 7.136400147499953164e+02 1.260836791999990965e+02 2.625846558000012010e+02 3.911023254000028828e+02 5.325773315999977058e+02 5.675213623000017833e+02 6.945848389000020688e+02 8.786043158641987247e+02 2.610976716000004672e+02
7.403013922029998639e+01 9.158788138142044772e+02 9.834054786142005469e+02 3.488128662499984785e+02 5.044856873000026098e+02 6.430043334999936633e+02 8.213736563642014517e+02 9.468216468141981750e+02 3.458395081500020751e+02 4.906786499000008916e+02 5.957359619000053499e+02 2.120163539999998648e+01 1.713274841500006005e+02 3.195780029499983357e+02 4.570630034999994677e+02 5.670081787500021164e+02 7.129836425999965286e+02 1.257658424999999625e+02 2.623703308500007552e+02 3.908033447999987402e+02 5.318978271999949357e+02 5.673736877500050468e+02 6.951568603499981691e+02 8.783458091142019839e+02 2.612996520999986387e+02
7.503013922029998639e+01 9.164233313642034773e+02 9.839209662641951581e+02 3.488560027999992599e+02 5.038889923000024282e+02 6.426993407999980263e+02 8.214559203141980106e+02 9.496116073927717025e+02 3.463563538000016706e+02 4.905016632500010019e+02 5.955540161500030081e+02 2.127533820000007836e+01 1.710053101000012248e+02 3.200843506000019261e+02 4.576080016999985673e+02 5.675326537999935681e+02 7.125502929999929620e+02 1.262966766000008647e+02 2.626273498499995185e+02 3.913686828999998397e+02 5.312299804999929620e+02 5.676271667500041076e+02 6.948377075000025798e+02 8.788626395642058924e+02 2.613794860499983770e+02
7.603013922029998639e+01 9.158018180141953053e+02 9.832608176142020966e+02 3.483336792000009154e+02 5.032319945999988704e+02 6.432119750999991084e+02 8.207458258642000146e+02 9.523869773141996120e+02 3.456976776499977859e+02 4.910696716999991622e+02 5.961263428500024020e+02 1.992549073333339038e+01 1.707131577000000107e+02 3.194463348500030406e+02 4.573479766999989806e+02 5.673168335000009392e+02 7.119441528500028653e+02 1.260500107500001832e+02 2.619623414000016055e+02 3.907221985500000301e+02 5.306723328000007314e+02 5.670596618499985198e+02 6.944160155999998096e+02 8.786123000141960802e+02 2.608059997499985911e+02
7.703013922029998639e+01 9.151752998642041348e+02 9.826623297641926911e+02 3.489953307999967365e+02 5.025859832999994978e+02 6.425823059500035015e+02 8.201006384642023477e+02 9.531223136141998111e+02 3.450783385999966413e+02 4.913376617499998247e+02 5.965746459999936633e+02 1.873889539999981935e+01 1.712953491000007489e+02 3.188676758000001428e+02 4.575756683500003419e+02 5.675503234999996494e+02 7.113176269999967190e+02 1.263213386500001434e+02 2.613548583999981929e+02 3.900846862999969744e+02 5.300776367000071332e+02 5.675993653000041377e+02 6.938479919499950483e+02 8.788708106142003089e+02 2.613389892999985022e+02
7.803013922029998639e+01 9.145049887641944224e+02 9.822366706641914789e+02 3.495189820000014151e+02 5.019363404000032460e+02 6.419603271999949357e+02 8.195686846642056480e+02 9.534919806641992182e+02 3.447019959000026574e+02 4.907914887000006274e+02 5.959181823999970220e+02 1.834716230000003634e+01 1.710790176500013331e+02 3.184756469999992987e+02 4.569190370000069379e+02 5.670326233000014327e+02 7.110973205999980564e+02 1.257991752500001894e+02 2.608418578999990132e+02 3.896700134999991860e+02 5.296282958999945549e+02 5.671693725999939488e+02 6.933710022000013851e+02 8.782509756641957210e+02 2.609233397999996669e+02
7.903013922029998639e+01 9.138736487642017892e+02 9.827573309642029926e+02 3.499780121000003419e+02 5.024111480999999912e+02 6.415619506999937585e+02 8.201221877641946776e+02 9.540029822642027284e+02 3.451843262000002142e+02 4.913280029000015929e+02 5.962318114999943646e+02 1.889151194999999461e+01 1.717716598999995767e+02 3.190010223499994026e+02 4.568781585499964422e+02 5.675786743000062415e+02 7.115549926999956369e+02 1.263233413999987533e+02 2.614076843000002555e+02 3.902201843500006362e+02 5.301223144499963382e+02 5.676830139500016230e+02 6.948684489666726449e+02 8.778313055642065592e+02 2.614293212999982643e+02
8.003013922029998639e+01 9.134813147641980322e+02 9.822484809142042650e+02 3.505573425500006124e+02 5.029916534500007401e+02 6.409032898000004934e+02 8.197219534642063081e+02 9.546173086641938426e+02 3.446506805499993789e+02 4.909116821999996318e+02 5.976368408500020450e+02 1.838434795000011945e+01 1.721120148000009067e+02 3.184355163500003982e+02 4.561850051999972493e+02 5.678928528000033111e+02 7.121025085500004934e+02 1.258616714000017964e+02 2.626782455749980727e+02 3.908590088499986450e+02 5.307659912500021164e+02 5.671248475000029430e+02 6.949654845999975805e+02 8.783434897141996771e+02 2.609209899999987101e+02
8.103013922029998639e+01 9.140429831141955219e+02 9.824873190641956171e+02 3.512053222500035190e+02 5.028106689999985974e+02 6.411672973999957321e+02 8.202404147142005968e+02 9.552526618142001098e+02 3.448816681000025710e+02 4.914609985999995843e+02 6.034120839666660459e+02 1.686298243333339997e+01 1.726933441499986657e+02 3.186728210500004934e+02 4.552799682999975630e+02 5.686355286000034539e+02 7.127235108000022592e+02 1.263773307999999815e+02 2.639874725500012573e+02 3.914683227499990608e+02 5.314288329999981215e+02 5.664463500999991084e+02 6.964621582500039949e+02 8.789676619641977595e+02 2.603009948999970220e+02
8.203013922029998639e+01 9.135043097641973873e+02 9.822636634641967248e+02 3.515866699000034714e+02 5.024049988000042504e+02 6.409866333999962080e+02 8.197313643642046372e+02 9.547249899642047239e+02 3.454763183499999286e+02 4.909253234999996494e+02 6.077503661999944597e+02 1.593426899999985835e+01 1.721678314500004490e+02 3.184279785000035190e+02 4.548763427999947453e+02 5.684089966000028653e+02 7.121076660500038997e+02 1.258876571500004502e+02 2.633894805999989330e+02 3.911893311000021640e+02 5.311560059000039473e+02 5.658408203500002855e+02 6.970936584500013851e+02 8.784461508641979890e+02 2.596116485500024282e+02
8.303013922029998639e+01 9.135523138642020058e+02 9.827928229141980410e+02 3.521233367999993789e+02 5.021321716500024195e+02 6.405586547999992035e+02 8.199934608141993522e+02 9.540883246641897131e+02 3.459800109999996494e+02 4.909942931999976281e+02 6.082403259499988053e+02 1.641232495000008385e+01 1.715136719000001904e+02 3.179939880000019912e+02 4.545841675000046962e+02 5.674131062666662046e+02 7.121710204999981215e+02 1.246011658000006719e+02 2.634169922000000952e+02 3.905510101500003657e+02 5.304968261999965762e+02 5.652386474999948405e+02 6.979978027500037570e+02 8.785043097642046632e+02 2.596483155000023544e+02
8.403013922029998639e+01 9.137099905641953228e+02 9.824926520641893148e+02 3.548798103499984791e+02 5.024191741999966325e+02 6.399148254500032635e+02 8.197061415641946951e+02 9.536186590642028023e+02 3.464885254000000714e+02 4.924042663600004630e+02 6.086098023000013200e+02 1.610574150000002192e+01 1.710883484000005410e+02 3.173754883000001428e+02 4.553678588999973726e+02 5.668454895500035491e+02 7.136077881000004481e+02 1.235738334999987273e+02 2.636085052999987965e+02 3.908351745999971172e+02 5.298726808000064921e+02 5.657868652999968617e+02 6.986115112500046962e+02 8.789743033142003696e+02 2.598073272499968880e+02
8.503013922029998639e+01 9.139866400641985820e+02 9.813188696975315679e+02 3.576873321999992186e+02 5.027378540999998222e+02 6.402610168499959400e+02 8.202788859641950694e+02 9.533323203141917475e+02 3.471033325499993225e+02 4.939543457499967190e+02 6.089459838999973726e+02 1.582864145000007738e+01 1.704731750500013732e+02 3.167506713999973726e+02 4.548327840333319614e+02 5.676159973500034539e+02 7.152096557499971823e+02 1.229689942000004521e+02 2.629683533999996143e+02 3.914298247999977320e+02 5.292363281500001904e+02 5.654689941999968141e+02 6.989448242500002380e+02 8.795989752642053645e+02 2.592026671999992686e+02
8.603013922029998639e+01 9.136769781642069574e+02 9.799392996641981881e+02 3.573943482000031509e+02 5.023936462999990908e+02 6.399686890000011772e+02 8.199157706641999539e+02 9.538503180641855579e+02 3.473756409000015992e+02 4.936333313000068301e+02 6.086353150000068126e+02 1.609922265000000152e+01 1.698076476999995066e+02 3.161423340499968617e+02 4.536360015999962343e+02 5.673262939999985974e+02 7.148633423999999650e+02 1.226618347000003268e+02 2.623311767500017595e+02 3.911086425999965286e+02 5.285676879999955418e+02 5.650900268999976106e+02 6.986266480000049341e+02 8.801563101641950198e+02 2.586393585500009067e+02
8.703013922029998639e+01 9.130208121642062906e+02 9.801093054641969502e+02 3.570693359500000952e+02 5.020904846999983420e+02 6.396560059000039473e+02 8.196456900642006076e+02 9.536071463642001618e+02 3.467516479999976582e+02 4.933105011000006925e+02 6.083444824499965762e+02 1.544657710000001316e+01 1.691529922999998234e+02 3.167603149499991559e+02 4.530016785000043456e+02 5.669073485999979312e+02 7.145481567500028177e+02 1.233063240499996027e+02 2.627213287499980652e+02 3.907931518999976106e+02 5.282943115500020212e+02 5.648483276499973726e+02 6.981909790000063367e+02 8.799087973642017459e+02 2.589796600500012573e+02
8.803013922029998639e+01 9.123469916642061435e+02 9.806216422142024385e+02 3.575970154000024195e+02 5.026777953999990132e+02 6.401653441999951610e+02 8.201465254641952924e+02 9.538229743142001098e+02 3.471103439500002423e+02 4.938483582000044407e+02 6.095835113749963057e+02 1.504931159999978263e+01 1.686016845999984071e+02 3.176443176999964635e+02 4.526193542999972124e+02 5.667756652500029304e+02 7.151838379000037094e+02 1.246297531749996779e+02 2.624523315999977058e+02 3.913296813999986625e+02 5.288626709999953164e+02 5.651089782999988529e+02 6.980044861000060337e+02 8.805439673141954700e+02 2.586956787000017357e+02
8.903013922029998639e+01 9.120588218142074766e+02 9.812039710141980322e+02 3.573433380499991472e+02 5.032033080999972299e+02 6.398874816999959876e+02 8.199302111641954980e+02 9.533229666642000666e+02 3.485655059999990044e+02 4.939501241333346115e+02 6.110473633000001428e+02 1.440342334999991181e+01 1.681863402999988466e+02 3.173755035499998485e+02 4.524020080500049517e+02 5.677501017333319169e+02 7.158410034499975154e+02 1.261006775000005291e+02 2.620259704999989481e+02 3.910306702500020037e+02 5.286141662500012899e+02 5.644566651000059210e+02 6.986221618500057957e+02 8.811664725142036332e+02 2.583185119500012661e+02
9.003013922029998639e+01 9.126003180641855579e+02 9.814918052142020315e+02 3.575623321499988378e+02 5.026066589500042028e+02 6.401290283499984071e+02 8.201450625641955412e+02 9.538732977641921025e+02 3.492993317000000388e+02 4.950299988000042504e+02 6.112825012499961304e+02 1.376998139999977866e+01 1.675263366999988648e+02 3.175910034500011534e+02 4.526293488499941304e+02 5.689970093500014627e+02 7.163549804999929620e+02 1.263548393500004750e+02 2.613909912499984785e+02 3.912508239999988291e+02 5.287973327500003506e+02 5.638341674999974202e+02 6.988530273500000476e+02 8.813991347642004257e+02 2.588760072000004584e+02
9.103013922029998639e+01 9.123588171642040834e+02 9.809361335141875315e+02 3.568886414000007790e+02 5.020169982999941567e+02 6.394756469999992987e+02 8.194770346642035292e+02 9.533966284641937818e+02 3.496189881000027526e+02 4.946176757999928668e+02 6.107658080999972299e+02 1.319562154999994164e+01 1.670110092499999155e+02 3.169160461999999825e+02 4.519147034000052372e+02 5.696233215500033111e+02 7.157043457000036142e+02 1.258180008500003169e+02 2.608411712500019348e+02 3.906226501999990433e+02 5.282528381500014802e+02 5.632420044000027701e+02 6.983263549999974202e+02 8.808774672642030055e+02 2.586298523500008741e+02
9.203013922029998639e+01 9.128146429641928989e+02 9.814479895642143674e+02 3.574043274000032397e+02 5.015493469000066398e+02 6.381427816333356304e+02 8.188844195142009994e+02 9.543726620308685824e+02 3.501724853500018071e+02 4.952239990000016405e+02 6.113476563000003807e+02 1.259020139999984167e+01 1.675370178000011947e+02 3.174196777500001190e+02 4.524505158000029041e+02 5.701530151000042679e+02 7.151253661999944597e+02 1.263596725999996124e+02 2.613456726000003982e+02 3.902260132000010344e+02 5.288176879999955418e+02 5.628346558000048390e+02 6.988676757999928668e+02 8.814246435642126016e+02 2.588512115500016080e+02
9.303013922029998639e+01 9.121866522641939810e+02 9.809879828642006032e+02 3.572189941999968141e+02 5.020655059999990044e+02 6.371963500999991084e+02 8.182496138641872676e+02 9.546169806141988374e+02 3.496201629500028503e+02 4.947078399500023806e+02 6.116938476499999524e+02 1.212710379999998622e+01 1.671100159000015992e+02 3.188986740499985899e+02 4.530448456000012811e+02 5.704774780500010820e+02 7.163720092499970633e+02 1.258950196000005235e+02 2.609346619999996619e+02 3.896305084499981604e+02 5.291535034999978961e+02 5.621858215999964159e+02 6.992395019499963382e+02 8.809419852641876787e+02 2.581393737999969744e+02
9.403013922029998639e+01 9.115689764641865622e+02 9.803498221641930286e+02 3.566076660500002617e+02 5.027010040000022855e+02 6.376953430000066874e+02 8.178150969641865231e+02 9.552403250641946215e+02 3.490520019999967190e+02 4.949835204999981215e+02 6.123973083499950008e+02 1.263070874999993976e+01 1.676120071499990445e+02 3.208447672666686117e+02 4.528603210000001127e+02 5.711609802999955718e+02 7.176971740999942995e+02 1.264071769999991375e+02 2.603084869499980414e+02 3.890683289000007790e+02 5.298744811999931699e+02 5.615346679999929620e+02 6.999521789999998873e+02 8.814493056642095326e+02 2.586508484000005410e+02
9.503013922029998639e+01 9.109304801141988719e+02 9.805161506142030703e+02 3.576438369749994308e+02 5.022043457999970997e+02 6.373836670000018785e+02 8.171819907141907606e+02 9.547118293141975300e+02 3.495829925500001991e+02 4.952799988000042504e+02 6.127773438000003807e+02 1.209580710000000181e+01 1.670132294000007676e+02 3.226931762999993225e+02 4.534018249500004458e+02 5.714476928999938536e+02 7.171651611000052071e+02 1.258491669000013644e+02 2.596610108000022592e+02 3.884191742000002705e+02 5.302186279000015929e+02 5.610803222999966238e+02 7.003013306000066223e+02 8.809466315642057452e+02 2.601111603249992186e+02
9.603013922029998639e+01 9.109759894642047584e+02 9.803739691642113030e+02 3.589428405500002555e+02 5.016033631000027526e+02 6.370740052000037394e+02 8.174635496642004000e+02 9.547193213641876355e+02 3.501746826000016881e+02 4.958453369999988354e+02 6.130386657999988529e+02 1.149511819999997897e+01 1.668774185000002035e+02 3.239779968500006362e+02 4.540098266999993939e+02 5.717203369499984547e+02 7.172142943999933777e+02 1.261609955000003538e+02 2.601983185000026424e+02 3.884790038999999524e+02 5.304423217999938061e+02 5.608046264999939012e+02 7.005476379500032635e+02 8.803023062642023433e+02 2.604986877999981516e+02
9.703013922029998639e+01 9.111439810641895747e+02 9.799219733641948551e+02 3.586083374000008916e+02 5.011686707000044407e+02 6.373763428000020212e+02 8.178192358642118052e+02 9.549411460142000578e+02 3.498800049999990733e+02 4.961896667999972124e+02 6.133235168500032159e+02 1.202500965000012911e+01 1.672941589500005648e+02 3.236446838999981992e+02 4.536506652999960352e+02 5.710293578999990132e+02 7.173786621000035666e+02 1.259166718000014953e+02 2.599306642000010470e+02 3.886376648500008741e+02 5.297883300999965286e+02 5.610920105499972124e+02 6.999286500000016531e+02 8.794727443975376673e+02 2.598918456999999762e+02
9.803013922029997218e+01 9.105503149642026983e+02 9.788316361975254267e+02 3.583028259499988053e+02 5.008951415999981691e+02 6.367310181000066223e+02 8.183816900641977554e+02 9.552923194142058492e+02 3.492093506000019261e+02 4.955740052000037394e+02 6.139451904500019737e+02 1.172004509999987931e+01 1.667023316000013438e+02 3.233016662999980326e+02 4.532896423499987577e+02 5.704844970999984071e+02 7.177323303500015754e+02 1.264194984499990824e+02 2.593051605500004371e+02 3.872466634333322872e+02 5.294784851000003982e+02 5.604466552999947453e+02 6.996439819499937585e+02 8.791033774308647253e+02 2.601798401000014564e+02
9.903013922029997218e+01 9.098915422641924806e+02 9.774701453141897218e+02 3.589173279999995430e+02 5.015094757500046398e+02 6.364001464999964810e+02 8.187125235642015468e+02 9.559144889142044121e+02 3.485729980999967665e+02 4.952454986500015366e+02 6.136329955999972299e+02 1.109699019999993652e+01 1.673001282000004721e+02 3.246079101499999524e+02 4.538129882999928668e+02 5.707296752999973251e+02 7.183318481499954942e+02 1.261319962000015948e+02 2.586393432999975630e+02 3.860726623999944422e+02 5.300429688000003807e+02 5.598539733999932650e+02 7.002571410999953514e+02 8.788264418641920201e+02 2.608170166499985498e+02
1.000301392202999722e+02 9.101787075308772046e+02 9.778131476142007159e+02 3.595333251999982167e+02 5.021438446000029217e+02 6.371164856000032159e+02 8.193285151642048731e+02 9.565551444141892716e+02 3.483158416500009480e+02 4.958486632999993162e+02 6.131916503999964334e+02 1.124543760000005932e+01 1.688326569000000745e+02 3.260831757500018284e+02 4.532038268999967841e+02 5.707113037500021164e+02 7.188439941999968141e+02 1.254603271500000119e+02 2.583233490000020538e+02 3.858153381500014802e+02 5.293930053999938536e+02 5.592429810000030557e+02 7.008293151999969268e+02 8.783186446641921066e+02 2.612946777000033762e+02
1.010301392202999722e+02 9.099019843642017804e+02 9.775076514641987160e+02 3.601503143499976431e+02 5.027663269500044407e+02 6.376563110999995843e+02 8.202443972642067820e+02 9.562783118642109912e+02 3.488586731999967014e+02 4.964133300999965286e+02 6.130128174000055878e+02 1.127324724999994032e+01 1.685276641999989806e+02 3.267598266500026511e+02 4.525883178999938536e+02 5.700776367000071332e+02 7.193038330000053975e+02 1.248106536999985110e+02 2.589420166499985498e+02 3.863880004999955418e+02 5.287223511000047438e+02 5.588013306000066223e+02 7.013323363999952562e+02 8.788469840642064810e+02 2.613536682500016468e+02
1.020301392202999722e+02 9.096026526642090175e+02 9.771874839141964912e+02 3.607890015000011772e+02 5.033413239000001340e+02 6.369813537999943946e+02 8.208187629142048536e+02 9.558333197642059531e+02 3.486101684499990370e+02 4.961534881999978097e+02 6.136296691999959876e+02 1.075595094999994217e+01 1.680890045000014652e+02 3.269431610499996168e+02 4.523766632499973639e+02 5.701169433666655095e+02 7.198529663499939488e+02 1.245769844000005833e+02 2.594376830999972299e+02 3.857839966000028653e+02 5.281795044500031509e+02 5.581791687499935506e+02 7.010926818999942043e+02 8.785918074641958810e+02 2.607946471999966889e+02
1.030301392202999722e+02 9.101843177642003866e+02 9.778264914641913492e+02 3.620965805249998084e+02 5.048601074666706268e+02 6.371298218000010820e+02 8.221356306891975692e+02 9.556351615142048104e+02 3.488543396499990195e+02 4.963523254500032635e+02 6.138791809000031208e+02 1.128553680000004533e+01 1.679139938499993150e+02 3.263543396000022767e+02 4.526363373500062153e+02 5.700786743499993463e+02 7.205143128000054276e+02 1.251246719000009762e+02 2.588030090500033111e+02 3.848668416666623671e+02 5.276229859000013676e+02 5.575536499000008916e+02 7.017781677500024671e+02 8.788563071641983697e+02 2.612836609000005410e+02
1.040301392202999722e+02 9.107996512142126448e+02 9.783283148641930893e+02 3.633453369000053499e+02 5.049611511500042980e+02 6.383992920000018785e+02 8.236453238641988719e+02 9.559796515642083250e+02 3.482876892000022053e+02 4.956890259000065271e+02 6.132316894999967190e+02 1.084167399999978443e+01 1.683113250999995216e+02 3.259086610000013025e+02 4.519486389999947278e+02 5.694063109999988228e+02 7.209039918000053149e+02 1.249123382500001753e+02 2.581870116999998572e+02 3.848203531999994880e+02 5.271470337000064319e+02 5.569286804000003031e+02 7.023840027000042028e+02 8.782286520641937386e+02 2.606718292000005022e+02
1.050301392202999722e+02 9.113633185641956516e+02 9.779196387642004993e+02 3.639093322499975329e+02 5.064886627500018221e+02 6.389683227499990608e+02 8.241160193642135710e+02 9.565293341642100131e+02 3.488286742999989656e+02 4.961399994000021252e+02 6.128449707999970997e+02 1.134799814999996670e+01 1.688431854499995097e+02 3.264275054999998247e+02 4.515516358000022592e+02 5.698656616000007489e+02 7.214533386499970220e+02 1.253409958000011102e+02 2.577623290999981691e+02 3.853753356999950483e+02 5.276308288499931223e+02 5.563200073000043631e+02 7.025869344333332265e+02 8.778233328642090783e+02 2.600583495999962906e+02
1.060301392202999722e+02 9.109169684642110951e+02 9.772759696142020402e+02 3.633758240000024671e+02 5.059536590499992599e+02 6.384341430999993463e+02 8.234565955142024904e+02 9.559766608642094070e+02 3.484276734000013676e+02 4.959169922000000952e+02 6.122503357000023243e+02 1.081099655000002713e+01 1.682413483000000269e+02 3.259244995000008203e+02 4.508744965000005323e+02 5.696589966000028653e+02 7.209141845999984071e+02 1.247250099499997305e+02 2.572245026000018697e+02 3.846823426000046311e+02 5.271419983000014327e+02 5.558859863999969093e+02 7.019726561999996193e+02 8.771914931142091518e+02 2.596636962999982643e+02
1.070301392202999722e+02 9.103088065141928382e+02 9.775733100142097101e+02 3.636745147999972687e+02 5.062119903499988141e+02 6.377706908999971347e+02 8.228434515642002225e+02 9.562549887642089743e+02 3.489636688000027789e+02 4.953013305499989656e+02 6.116110230000049341e+02 1.062608579999982794e+01 1.685418319500004145e+02 3.261416778500024520e+02 4.511351470999943558e+02 5.688714905250017182e+02 7.211706848500034539e+02 1.249548415999997815e+02 2.566599732000031509e+02 3.850015106499995454e+02 5.265596313999994891e+02 5.564353332499958924e+02 7.024711913999999524e+02 8.765453024641901720e+02 2.590903320500001428e+02
1.080301392202999722e+02 9.113768912641899078e+02 9.781129752642009407e+02 3.651633987500026706e+02 5.076379089499969268e+02 6.383089905000015278e+02 8.233251563141966471e+02 9.577267294892008067e+02 3.486733703999998397e+02 4.952480164000007790e+02 6.109609985499992035e+02 9.620681074999993143e+00 1.688756562000016856e+02 3.258699952000024496e+02 4.509243164000072284e+02 5.685149535999953514e+02 7.208796387999900617e+02 1.246869965000005323e+02 2.585695251600001825e+02 3.864521865999995498e+02 5.261079712000064319e+02 5.570781554999994114e+02 7.022349854000058258e+02 8.753596309975255281e+02 2.601820068500001071e+02
1.090301392202999722e+02 9.126991568641969934e+02 9.779073096642096061e+02 3.664893035999994026e+02 5.089348449999961304e+02 6.389608459500013851e+02 8.239313460642006248e+02 9.590139914641913492e+02 3.483780212499987101e+02 4.954716644500003895e+02 6.096669922000000952e+02 8.877897566666737461e+00 1.694901733499991678e+02 3.267388306000029843e+02 4.514596558000048390e+02 5.679893187999987276e+02 7.214021606500027701e+02 1.252091598499991960e+02 2.601990050999993400e+02 3.866265258999992511e+02 5.258125000500003807e+02 5.576916809500035015e+02 7.027568359500000952e+02 8.740589705142047023e+02 2.614721680000002380e+02
1.100301392202999722e+02 9.123883276642009150e+02 9.774453039641957730e+02 3.661656494000053499e+02 5.086600037000025623e+02 6.386630249000008916e+02 8.236354132641863544e+02 9.587463293641922064e+02 3.486821747499998310e+02 4.948296814000059385e+02 6.086353149499991559e+02 8.583724999999958527e+00 1.698366623000001709e+02 3.274219970750018547e+02 4.511640015000011772e+02 5.673659973500034539e+02 7.211149902000033762e+02 1.249046707999987120e+02 2.598363343000019086e+02 3.859493103999993764e+02 5.264301453000007314e+02 5.582941894999967190e+02 7.024346923999983119e+02 8.733686361642030533e+02 2.611543578999990132e+02
1.110301392202999722e+02 9.120671607141994173e+02 9.771649771641968982e+02 3.658066863999993075e+02 5.083450012500034063e+02 6.383568420500014327e+02 8.230499106641946128e+02 9.580373221141926479e+02 3.490145111499987252e+02 4.941818390000044019e+02 6.089379883000001428e+02 8.274887099999887141e+00 1.701354827999984991e+02 3.276488190000018221e+02 4.504953308499971172e+02 5.676510009999983595e+02 7.208006592000019737e+02 1.246079979000005551e+02 2.594928436500013049e+02 3.864531555499997921e+02 5.267998351999995066e+02 5.589151611500055878e+02 7.020733337500059861e+02 8.729599677642108873e+02 2.607960205999988830e+02
1.120301392202999722e+02 9.136618567241937399e+02 9.778076545141957467e+02 3.664243316499996581e+02 5.085816650500055403e+02 6.388916625999991084e+02 8.233811903642053949e+02 9.573719702642119955e+02 3.486826781999989180e+02 4.935806580000062240e+02 6.086430053999938536e+02 8.903274549999878218e+00 1.698543243999993138e+02 3.273710022000013851e+02 4.490962219666641317e+02 5.682883301000038045e+02 7.211461487499909708e+02 1.249053306999994675e+02 2.610697876200007386e+02 3.871186675999997533e+02 5.261523438000003807e+02 5.595604858500009868e+02 7.024833374500012724e+02 8.723986579142074334e+02 2.623782653999995205e+02
1.130301392202999722e+02 9.152634650641994085e+02 9.780783072142075980e+02 3.670451659999962430e+02 5.089020080999980564e+02 6.386255188499999349e+02 8.239954978142050095e+02 9.571147986642026808e+02 3.482976684999994177e+02 4.931199646000022767e+02 6.082073363999952562e+02 9.536087050000105592e+00 1.686986643333342215e+02 3.269386597999982769e+02 4.479586792000045534e+02 5.687866822000069078e+02 7.205079955999972299e+02 1.242963257000010344e+02 2.626739960000013525e+02 3.877423401499981992e+02 5.258660279000032460e+02 5.601893311000021640e+02 7.020778656249894993e+02 8.718189917641866487e+02 2.639416656499997771e+02
1.140301392202999722e+02 9.149329901642049663e+02 9.774012976642115973e+02 3.676140137000038521e+02 5.086000060999940615e+02 6.388358154500019737e+02 8.236953116641961969e+02 9.576349707641929854e+02 3.488293456999963382e+02 4.924964904999942519e+02 6.075646667499968316e+02 1.017176820000008775e+01 1.675316772999976820e+02 3.263646850500008441e+02 4.475270081000053324e+02 5.688331604499981040e+02 7.201907959000091068e+02 1.238833389999999781e+02 2.623606568000031984e+02 3.882319946000061464e+02 5.263569946000061464e+02 5.599063109999988228e+02 7.013350220000138506e+02 8.713999777642020490e+02 2.636193237999978010e+02
1.150301392202999722e+02 9.146071539641998243e+02 9.771502906141977292e+02 3.673871765500007314e+02 5.083286742999989656e+02 6.383148193499946501e+02 8.232552862642041873e+02 9.574316398142109392e+02 3.486101684499953990e+02 4.920398559500026749e+02 6.070494995000044582e+02 1.080468515000006846e+01 1.668905029499983357e+02 3.258403473500002292e+02 4.469370117500002380e+02 5.682834778000033111e+02 7.208191528999886941e+02 1.236219978499993886e+02 2.620658417000013287e+02 3.889952087333367672e+02 5.257353211000008741e+02 5.594493407999980263e+02 7.011083374000008916e+02 8.707913161142059835e+02 2.643994018800018466e+02
1.160301392202999722e+02 9.152156592141982401e+02 9.778081504142028280e+02 3.680216674999974202e+02 5.089644928499983507e+02 6.388743285999953514e+02 8.226250563642097404e+02 9.576974707642075373e+02 3.488656616499938536e+02 4.926020202999934554e+02 6.075806885000056354e+02 1.129301840000016455e+01 1.662336731000032159e+02 3.263336791999972775e+02 4.463370360999979312e+02 5.689181519000048866e+02 7.214506530999933602e+02 1.238326644999997370e+02 2.645716683571424142e+02 3.901406554999994114e+02 5.251313476999930572e+02 5.593248290999981691e+02 7.011410929666695893e+02 8.701556540642050095e+02 2.671536941749982361e+02
1.170301392202999722e+02 9.157239752642053645e+02 9.784299842142063426e+02 3.689684448000043631e+02 5.095846557500044582e+02 6.384193114999943646e+02 8.221097480142052518e+02 9.570456305641855579e+02 3.482436523999931524e+02 4.922019959000026574e+02 6.071503296000009868e+02 1.080608940000001894e+01 1.656851730999987922e+02 3.259143372000035015e+02 4.459263612000067951e+02 5.694556885000056354e+02 7.220451659999962430e+02 1.233086624000006850e+02 2.671456603999977233e+02 3.896960144000040600e+02 5.247050171000009868e+02 5.599134826999943471e+02 7.007346801999956369e+02 8.699038115642033517e+02 2.683750000000000000e+02
1.180301392202999722e+02 9.153123084641993046e+02 9.789196539641998243e+02 3.689083404499979224e+02 5.101076354999968316e+02 6.389425048999983119e+02 8.226231299641949590e+02 9.574596320142009063e+02 3.478333129999955418e+02 4.927488403500028653e+02 6.065675048999983119e+02 1.280354253999985303e+01 1.650780029000015929e+02 3.264526825000029930e+02 4.452795104999968316e+02 5.690390015000011772e+02 7.225762939999985974e+02 1.238489913999983401e+02 2.677359924499978661e+02 3.902295074499998009e+02 5.252456665499994415e+02 5.601661682499980088e+02 7.003193359999859240e+02 8.701378051142091863e+02 2.689623260499975004e+02
1.190301392202999722e+02 9.146926566141919466e+02 9.785359869642124977e+02 3.683764953499994590e+02 5.096282958999945549e+02 6.384443054500006838e+02 8.221948310642037541e+02 9.572323066641984042e+02 3.471791687000004458e+02 4.933381805500030168e+02 6.059490356000023894e+02 1.458051206666656618e+01 1.646366730000008829e+02 3.259391632000042591e+02 4.446600037000025623e+02 5.683911742999989656e+02 7.221756592000019737e+02 1.242244987499998388e+02 2.671710052999987965e+02 3.896761779500011471e+02 5.247220154000024195e+02 5.594393311000021640e+02 6.996103516000002855e+02 8.695519781642069574e+02 2.684033203500002855e+02
1.200301392202999722e+02 9.140556403642112855e+02 9.779129935141972965e+02 3.677403259999991860e+02 5.090208129999955418e+02 6.386886902499973075e+02 8.227375403142068535e+02 9.577494727142038755e+02 3.474273681500053499e+02 4.945260213333337447e+02 6.064664917500049341e+02 1.398089599999980237e+01 1.639976577999987057e+02 3.243746643333385578e+02 4.440786896499994327e+02 5.686829834500022116e+02 7.227074890500080073e+02 1.240576629999995930e+02 2.674131774999987101e+02 3.899119873500021640e+02 5.249416808999958448e+02 5.613579834200005507e+02 6.999245300500042504e+02 8.687992583391969674e+02 2.686414795499986212e+02
1.210301392202999722e+02 9.134431525142135797e+02 9.781129905142006464e+02 3.671726532999964547e+02 5.084129944000014802e+02 6.384226685000030557e+02 8.222329131142032566e+02 9.574693213641876355e+02 3.479961853000058909e+02 4.946510010000056354e+02 6.059841613999960828e+02 1.340130140000019310e+01 1.633396454000030644e+02 3.234226685000030557e+02 4.434490357000031509e+02 5.692091674999974202e+02 7.221676331000053324e+02 1.234643401999983325e+02 2.688510132250012248e+02 3.896849975999939488e+02 5.246613769999967190e+02 5.639085846250018221e+02 7.004278564499982167e+02 8.692644008975379393e+02 2.691948395500003244e+02
1.220301392202999722e+02 9.128436652641976252e+02 9.779293127642013133e+02 3.672483214999956544e+02 5.089219666000062716e+02 6.380423583999945549e+02 8.215777884642011486e+02 9.568019705642072950e+02 3.484553527999960352e+02 4.942480164000007790e+02 6.046814880499950959e+02 1.297806559999980891e+01 1.627501450000017940e+02 3.239219970499980263e+02 4.439706879000004847e+02 5.696953125000000000e+02 7.224473267000139458e+02 1.228510056000013719e+02 2.701803284000015992e+02 3.892850037000025623e+02 5.242613526000059210e+02 5.651923218000010820e+02 7.011083374500012724e+02 8.703706046308603845e+02 2.690593261999965762e+02
1.230301392202999722e+02 9.124149847642111126e+02 9.767432064308668487e+02 3.674239959999977145e+02 5.086046447999979137e+02 6.374565124499858939e+02 8.211257925642130431e+02 9.561906348642078228e+02 3.486496429999970132e+02 4.936520233500050381e+02 6.036498108500018134e+02 1.238405849999981001e+01 1.621039887000006274e+02 3.236466674999974202e+02 4.436586914000072284e+02 5.698701782499992987e+02 7.221963501000136603e+02 1.233778343499998300e+02 2.698959962000008090e+02 3.886560059000039473e+02 5.236391906999997445e+02 5.648613282000005711e+02 7.008683472000120673e+02 8.724608527041913248e+02 2.685829773000004934e+02
1.240301392202999722e+02 9.121251441142085241e+02 9.756090002642013133e+02 3.668546753999980865e+02 5.083214721999975154e+02 6.376990051500033587e+02 8.208536292141943704e+02 9.558946372141945176e+02 3.480263062000012724e+02 4.939598541000013938e+02 6.030446777000033762e+02 1.269670775000008689e+01 1.626191558999998961e+02 3.230933533499992336e+02 4.433266753999996581e+02 5.690208740500020212e+02 7.227048340500041377e+02 1.239873391000000993e+02 2.692556762500025798e+02 3.889323425500042504e+02 5.229899902000033762e+02 5.645390014500007965e+02 7.017393493999989005e+02 8.743334838141890941e+02 2.683078156000010495e+02
1.250301392202999722e+02 9.124223013641894795e+02 9.749676505141978851e+02 3.665270080500049517e+02 5.089495238999952562e+02 6.373756713999900967e+02 8.214895239642064553e+02 9.562033072142075980e+02 3.477126618000038434e+02 4.936539917000045534e+02 6.024228210499932175e+02 1.326340915000014320e+01 1.623223266999993939e+02 3.224236756000027526e+02 4.436098327500003506e+02 5.685767517499989481e+02 7.233468322999979137e+02 1.245696716499987815e+02 2.685943298999991384e+02 3.886166686999931699e+02 5.223943176500033587e+02 5.651908264500016230e+02 7.023751831499976106e+02 8.752123176642053295e+02 2.698719421599991506e+02
1.260301392202999722e+02 9.118039771642070264e+02 9.743669806641992182e+02 3.670263367000006838e+02 5.095995178500015754e+02 6.370896607000031509e+02 8.218165312642086064e+02 9.551544638641935308e+02 3.482529906999989180e+02 4.931791585333364196e+02 6.026798095999984071e+02 1.387010340000006181e+01 1.620236664500007464e+02 3.220916595500020776e+02 4.429556580000062240e+02 5.688309937000012724e+02 7.239575195499928668e+02 1.250443344000013894e+02 2.682743225499980326e+02 3.882093200999952387e+02 5.225813598999957321e+02 5.655273132500005886e+02 7.026929931999911787e+02 8.749966498642024817e+02 2.714769897500009392e+02
1.270301392202999722e+02 9.113989783641882241e+02 9.739809943641885184e+02 3.668651734000013676e+02 5.101206665000063367e+02 6.384352417250047438e+02 8.211864462642115541e+02 9.538516379641951062e+02 3.480511779999942519e+02 4.930449219000001904e+02 6.023776244999899063e+02 1.352397060000021156e+01 1.633607559249994665e+02 3.233812484999980370e+02 4.425410155999998096e+02 5.692959899999987101e+02 7.236223145000112709e+02 1.255373344500003441e+02 2.688140258999992511e+02 3.880736541999940528e+02 5.226260070999996969e+02 5.657636719000001904e+02 7.023453369000053499e+02 8.756463042641989887e+02 2.724106597999998485e+02
1.280301392202999580e+02 9.108004675642005168e+02 9.741050940308681447e+02 3.674551696999988053e+02 5.098680114999951911e+02 6.399410095499915769e+02 8.208749305141973309e+02 9.532543098641908728e+02 3.486141509999943082e+02 4.936105041999981040e+02 6.020728150000068126e+02 1.322960760000000846e+01 1.647949981500023569e+02 3.248826904499946977e+02 4.423061675999997533e+02 5.698563232499946025e+02 7.224776407666698788e+02 1.260963478999983636e+02 2.686288452499975392e+02 3.886786500000016531e+02 5.220820313000003807e+02 5.661359864000041853e+02 7.020246582000108901e+02 8.761666327642014949e+02 2.733306732500022918e+02
1.290301392202999580e+02 9.101742926641891245e+02 9.759913932392009883e+02 3.676771546000018134e+02 5.101089935499985586e+02 6.406275025000068126e+02 8.213870154641917907e+02 9.526454840641963528e+02 3.492959747499990044e+02 4.943028259499988053e+02 6.025666503999964334e+02 1.374140549999992800e+01 1.650378342000003613e+02 3.255738525499982643e+02 4.429838257000010344e+02 5.701418151500038221e+02 7.213086547999992035e+02 1.263663482499996462e+02 2.688594971000020450e+02 3.889452972500002943e+02 5.226183471999975154e+02 5.663513488500029780e+02 7.025659790000063367e+02 8.764068061142024817e+02 2.739570312500000000e+02
1.300301392202999580e+02 9.095471259641926736e+02 9.772666540642094333e+02 3.670076599000021815e+02 5.094656677000020863e+02 6.411763306499924511e+02 8.207506590642005904e+02 9.521714850642019883e+02 3.496579590000037570e+02 4.946269836999999825e+02 6.019153442999959225e+02 1.334316350000017337e+01 1.644406662000001234e+02 3.259143065999960527e+02 4.433436585000017658e+02 5.694636231000040425e+02 7.207204894999886164e+02 1.256753463999993983e+02 2.681386719000001904e+02 3.882546387000038521e+02 5.221506957999954466e+02 5.658011474500017357e+02 7.019649963499978185e+02 8.757386465641902760e+02 2.743990172999983770e+02
