# r	h_0	h_1	h_2	h_3	h_4	h_5	h_6	h_7	h_8	h_9	h_10	h_11	h_12	h_13	h_14	h_15	h_16	h_17	h_18	h_19	h_20	h_21	h_22	h_23	
2.030139220299999714e+00 6.056780090499999005e+02 7.094340209999999161e+02 1.044286613999999815e+02 2.548056564499999865e+02 3.895447082999999111e+02 5.673719787499999256e+02 7.194421691999999666e+02 9.449425509999998951e+01 2.356961746999999718e+02 3.956681671499999311e+02 -2.568682928641999865e+02 -1.068596563641999637e+02 4.442329979999999523e+01 1.869476623499999732e+02 2.618328247000000033e+02 4.344073333999999704e+02 -1.848354864642000450e+02 -2.696097476420010253e+01 1.156191635499999961e+02 2.419396515999999906e+02 4.369266663999999309e+02 5.335499877999998262e+02 6.357748414000000139e+02 1.563805679999999754e+01
3.030139220299999714e+00 6.063200073000000430e+02 7.089620055999998840e+02 1.041799964999999872e+02 2.541848221499999738e+02 3.901980285999998159e+02 5.666463317499999448e+02 7.192005004999999755e+02 9.394232560000000376e+01 2.363126830999999584e+02 3.954478454999999713e+02 -2.562201147142000082e+02 -1.074249945142000797e+02 4.419938279999999509e+01 1.867113419500000191e+02 2.624566651000000093e+02 4.341224976500000139e+02 -1.861586676641999816e+02 -2.536366436420011539e+01 1.161743163999999524e+02 2.414248199499999998e+02 4.363838653499999509e+02 5.331007079999999405e+02 6.355169983000000684e+02 1.622919939999999883e+01
4.030139220299998826e+00 6.067516480000001593e+02 7.092420044000000416e+02 1.044436722000000373e+02 2.544393310999998903e+02 3.906173095999999987e+02 5.668663329999999405e+02 7.194539795000000595e+02 9.428878020000001925e+01 2.367343291999999337e+02 3.957153321000000687e+02 -2.555926275642000292e+02 -1.069285040642001263e+02 4.446400840000001153e+01 1.869456635999999889e+02 2.629163514000000532e+02 4.337743224999999256e+02 -1.858519659641999624e+02 -2.438498586420007541e+01 1.156674881000000141e+02 2.417706603999999970e+02 4.366800232000000506e+02 5.329671936499998992e+02 6.357146606999999676e+02 1.688994040000000041e+01
5.030139220299998826e+00 6.073883056500001203e+02 7.098779907500002082e+02 1.039095153999999752e+02 2.548129882999999154e+02 3.908783111499998313e+02 5.680207519666665803e+02 7.189194946499999332e+02 9.459257890000000657e+01 2.370301666999999952e+02 3.951808472000000165e+02 -2.552052984642000411e+02 -1.069696417641999915e+02 4.482026289999998880e+01 1.864114990500000886e+02 2.632766723999999385e+02 4.335540160999998989e+02 -1.855661688142000685e+02 -2.492066106420003280e+01 1.150464973499999815e+02 2.420823288999999932e+02 4.369738464499999964e+02 5.335793456999999762e+02 6.361680298000001130e+02 1.635085109999999986e+01
6.030139220299998826e+00 6.080759888000002320e+02 7.105100098000002617e+02 1.042083434999999554e+02 2.551326599499999475e+02 3.905146637000000283e+02 5.691849976000003153e+02 7.192426758000001428e+02 9.425946425000000772e+01 2.366928405499999144e+02 3.954813537999998516e+02 -2.546019812142001228e+02 -1.071036444142000619e+02 4.539470479999999952e+01 1.867063293999999587e+02 2.626378174000000172e+02 4.341870116999998572e+02 -1.861896430141999872e+02 -2.456027896420016532e+01 1.153600083000000041e+02 2.414633407999999690e+02 4.363588409499998306e+02 5.339923095999997713e+02 6.367653503999999884e+02 1.667913629999999614e+01
7.030139220299998826e+00 6.083770141499999227e+02 7.116398925666666173e+02 1.045043488000000025e+02 2.545013198999999986e+02 3.902075042500000563e+02 5.694688415499999792e+02 7.195583191000000625e+02 9.486141199999997298e+01 2.364158478000000514e+02 3.958130035500000758e+02 -2.548964758641999424e+02 -1.064979620642001237e+02 4.505724719999997774e+01 1.873753280999999333e+02 2.623209839500000271e+02 4.344798431500003062e+02 -1.868233099641998933e+02 -2.390531071419997033e+01 1.160221671999998989e+02 2.408239542666667603e+02 4.360634918499999912e+02 5.346348469999999224e+02 6.386110839999998916e+02 1.700298315000000571e+01
8.030139220299998826e+00 6.077211913999999524e+02 7.130026549999997769e+02 1.038784942999999430e+02 2.532280884499999729e+02 3.905109864000000925e+02 5.688866577499998129e+02 7.190576781999998275e+02 9.519144060000002128e+01 2.367126769999999851e+02 3.953006591999996999e+02 -2.546016607642000054e+02 -1.061664496141999621e+02 4.535695650000002388e+01 1.880559997999998814e+02 2.629816283999998632e+02 4.339566649999997026e+02 -1.873369512642002519e+02 -2.333963686420008798e+01 1.166786575999999513e+02 2.419590454333332161e+02 4.367286682000003566e+02 5.353336792000000059e+02 6.405199890000003506e+02 1.671005060000000242e+01
9.030139220299998826e+00 6.070903625999999349e+02 7.136203002999991440e+02 1.032286567500000274e+02 2.513904418999998995e+02 3.916465759666664894e+02 5.684186400999997204e+02 7.192774963499996375e+02 9.466600040000002991e+01 2.371156768999999258e+02 3.959493256000000656e+02 -2.541763373642002080e+02 -1.067578192142001399e+02 4.579919440000003306e+01 1.883513488999999481e+02 2.633019561999999496e+02 4.341615142999999080e+02 -1.866696234641999581e+02 -2.298166566420013623e+01 1.169744911499999489e+02 2.427695083999999497e+02 4.371510010000001785e+02 5.355553284000002350e+02 6.403566895000003569e+02 1.652691649999999868e+01
1.003013922029999883e+01 6.065723266999993939e+02 7.140543213000000833e+02 1.027296676999999363e+02 2.490018097199999829e+02 3.928030091000000539e+02 5.690229797499996494e+02 7.190350036999998338e+02 9.528470234999997501e+01 2.377650070999998206e+02 3.964794922499995664e+02 -2.535808172642000500e+02 -1.072746344642000622e+02 4.644308474999996861e+01 1.878263244999998278e+02 2.626919708499999615e+02 4.339006653000001279e+02 -1.860576544641999135e+02 -2.229712586420004072e+01 1.164949951000000965e+02 2.422788467499999570e+02 4.377939910999998574e+02 5.352976684999998724e+02 6.403059997999998814e+02 1.648674490000000503e+01
1.103013922029999883e+01 6.067636719000001904e+02 7.142361450000007608e+02 1.034176749999999174e+02 2.469640044999996462e+02 3.934233245999998871e+02 5.696303100999994058e+02 7.196530151999995724e+02 9.578975294999997914e+01 2.383026581000001443e+02 3.958741912999998931e+02 -2.529483099642002344e+02 -1.070476446642001065e+02 4.697385409999998274e+01 1.883723297500000626e+02 2.620759887500000787e+02 4.344928283499998543e+02 -1.858226385641999059e+02 -2.175931461420003643e+01 1.169489822000000459e+02 2.417580109000000448e+02 4.382916565499999706e+02 5.358225097499998810e+02 6.416525472333336211e+02 1.704771614999999940e+01
1.203013922029999883e+01 6.065083313000004637e+02 7.140115051499997207e+02 1.040943374999999378e+02 2.464546813999995720e+02 3.940400085000001127e+02 5.700579834000000119e+02 7.200029907000007370e+02 9.526235199999996439e+01 2.377596588000001248e+02 3.952956543000000238e+02 -2.523119727142000102e+02 -1.073266363641999988e+02 4.636605834999994613e+01 1.889489899999998670e+02 2.615319823999998334e+02 4.339716491999997743e+02 -1.862620001642003444e+02 -2.227127746420001131e+01 1.164044913999999835e+02 2.412203368999998929e+02 4.377506714000001011e+02 5.353416747999999643e+02 6.428363036999999167e+02 1.641325380000000678e+01
1.303013922029999705e+01 6.070890198500001134e+02 7.146996459999991202e+02 1.045423355000000356e+02 2.461036530000001221e+02 3.944116516000003685e+02 5.707225036999998338e+02 7.206816711999999825e+02 9.571295170000007602e+01 2.381783295000000180e+02 3.940714187749997564e+02 -2.518353186642000310e+02 -1.066753302642000563e+02 4.587618259999999282e+01 1.894096527000001515e+02 2.619470215999999709e+02 4.336119843000001310e+02 -1.855947943641999700e+02 -2.185062316419998751e+01 1.168841743499999666e+02 2.419149933000003330e+02 4.382070007000002079e+02 5.357806397000003926e+02 6.432349854000003688e+02 1.592654620000001842e+01
1.403013922029999705e+01 6.065830077999999048e+02 7.128540649400001712e+02 1.051591797000000952e+02 2.454411544499998854e+02 3.950361481000004460e+02 5.704533386499997505e+02 7.204418334999991202e+02 9.521175000000005184e+01 2.376459961000000476e+02 3.920844523333332177e+02 -2.523709784641996521e+02 -1.071512823141999888e+02 4.624835589999997865e+01 1.888759841999999480e+02 2.625756988500002080e+02 4.329418487499997354e+02 -1.858421393141998124e+02 -2.123828801420006585e+01 1.184635670999999348e+02 2.416968231500000002e+02 4.376843414499994651e+02 5.352346802000001844e+02 6.438616638500006957e+02 1.542139055000001235e+01
1.503013922029999705e+01 6.061798095999993166e+02 7.119739990000016405e+02 1.057356719999997949e+02 2.456753234999996494e+02 3.956906739000005473e+02 5.707203368999998929e+02 7.199098205499994947e+02 9.575581739999995534e+01 2.381386718499998096e+02 3.911623229999995601e+02 -2.518869390642003054e+02 -1.069076300642000206e+02 4.689151959999998098e+01 1.894101410000000669e+02 2.640839029999997365e+02 4.331876831000008679e+02 -1.856233282641996993e+02 -2.062961486420010715e+01 1.193890075999997862e+02 2.419456787999997687e+02 4.382328338500001337e+02 5.357149964000000182e+02 6.444713135000001785e+02 1.482248400000000288e+01
1.603013922029999705e+01 6.063609618999998929e+02 7.108479004000000714e+02 1.052101708000000144e+02 2.468431040666664558e+02 3.951876984000000448e+02 5.713313293999999587e+02 7.194367066000013438e+02 9.548788454999998976e+01 2.387583312999995542e+02 3.906433410999998159e+02 -2.523731299142000353e+02 -1.074108038642000338e+02 4.663209915000004457e+01 1.892008591000001161e+02 2.650333252000000357e+02 4.338301849500003300e+02 -1.850234442641999522e+02 -2.007514101420008501e+01 1.188801765499997600e+02 2.414059982499998114e+02 4.379935150000001158e+02 5.356740112999996200e+02 6.451021728500008976e+02 1.504263500000001841e+01
1.703013922029999705e+01 6.067863159000007727e+02 7.107429809999994177e+02 1.054486618000000817e+02 2.480143279999992956e+02 3.954506836000000476e+02 5.718843383999992511e+02 7.189620056500007195e+02 9.570904539999992267e+01 2.392063446000001932e+02 3.902133331499999258e+02 -2.520559454641997945e+02 -1.071352911641997707e+02 4.689376839999999902e+01 1.894800109999996494e+02 2.654280091000000539e+02 4.338743286000008084e+02 -1.843852910641999188e+02 -1.998862366420007675e+01 1.192123412999999346e+02 2.416839904999997088e+02 4.382400207999999111e+02 5.355109863500001666e+02 6.457063598999993701e+02 1.550482849999997370e+01
1.803013922029999705e+01 6.070809936499990727e+02 7.111510009999983595e+02 1.061046601000000464e+02 2.482911682499998278e+02 3.966364339000004406e+02 5.713613280999998096e+02 7.183376769999995304e+02 9.520175934999997480e+01 2.394993362499999421e+02 3.895826569000000745e+02 -2.517619543641999371e+02 -1.064708319142000619e+02 4.636082844999998542e+01 1.906739857999997696e+02 2.657173309499999050e+02 4.336445313000003807e+02 -1.839623175642000206e+02 -2.057666686420003543e+01 1.195250053999998272e+02 2.419918213000000833e+02 4.376928406499991979e+02 5.361380004999991797e+02 6.451813354499990965e+02 1.580677945000002182e+01
1.903013922029999705e+01 6.064458618000007846e+02 7.117580261499988410e+02 1.068116761000001134e+02 2.479898300499999095e+02 3.980421599999999671e+02 5.717046509000010701e+02 7.180440063499991084e+02 9.550861359999998967e+01 2.391966629500002455e+02 3.889231720500001757e+02 -2.521249609641999996e+02 -1.057933111642000767e+02 4.670002750000003289e+01 1.917893218999997771e+02 2.651296539499999199e+02 4.342333068999996613e+02 -1.833151617642001838e+02 -2.118399721420001924e+01 1.188825035999998363e+02 2.416983413500001916e+02 4.379793396000004577e+02 5.367200013000001491e+02 6.454743653000004997e+02 1.548987915000000726e+01
2.003013922029999705e+01 6.058205261999992217e+02 7.114578247499994177e+02 1.071115112499999213e+02 2.486003266000006988e+02 3.986603393999994296e+02 5.720540161500011891e+02 7.186533202999999048e+02 9.582484825000005912e+01 2.398333283000001757e+02 3.886269836499996018e+02 -2.523926153642000827e+02 -1.051658087641999373e+02 4.698637204999999994e+01 1.920651626499998201e+02 2.644965057499994145e+02 4.348471527499996228e+02 -1.826866217642000265e+02 -2.176517396420001660e+01 1.182203407500001049e+02 2.423520050000006449e+02 4.382503356999995958e+02 5.373463135000001785e+02 6.458231507000000420e+02 1.515968035000000214e+01
2.103013922029999705e+01 6.051978149500009749e+02 7.117846680000002380e+02 1.065303420999998707e+02 2.490043334999991202e+02 3.992503357000005053e+02 5.714475097999984428e+02 7.190859984999988228e+02 9.527677159999984724e+01 2.402483368000002883e+02 3.894613648000001263e+02 -2.521012945642005434e+02 -1.045129766641998685e+02 4.666626555000004828e+01 1.915290070000000924e+02 2.638815002499995899e+02 4.355090027000005648e+02 -1.820698004641999432e+02 -2.206098086420001891e+01 1.179258384999998270e+02 2.427533416999995097e+02 4.379561615000002348e+02 5.377899781000014627e+02 6.455211486999996850e+02 1.546646600000002536e+01
2.203013922029999705e+01 6.046414795500004402e+02 7.122373047000000952e+02 1.067561683999999786e+02 2.491903305499999988e+02 3.998819886000001134e+02 5.708355102999994415e+02 7.197336426000001666e+02 9.553190614999994068e+01 2.402581736333334845e+02 3.903158721999998306e+02 -2.517879858641999817e+02 -1.042338018642001316e+02 4.651108930000009423e+01 1.921496734500001367e+02 2.633819884999993519e+02 4.357966614499991920e+02 -1.822280035641997529e+02 -2.225333316420017127e+01 1.173184929000003649e+02 2.429984970499999690e+02 4.373608093999991979e+02 5.384414672999992035e+02 6.461716309000003093e+02 1.577288914999996905e+01
2.303013922029999705e+01 6.040623168999991321e+02 7.132086791999996649e+02 1.065343246499999168e+02 2.489619980000006763e+02 4.003200073000007251e+02 5.702216492000006838e+02 7.204003296000009868e+02 9.530460740000012265e+01 2.402619934499998635e+02 3.902781524999991234e+02 -2.523643254641992826e+02 -1.047883062641999459e+02 4.647901350000006460e+01 1.927546691999996256e+02 2.640211639499993908e+02 4.352443237000006775e+02 -1.822723150642000292e+02 -2.227429871420002883e+01 1.164733200000000579e+02 2.427596665000000939e+02 4.365089721999993344e+02 5.390743408000016643e+02 6.476237640500003181e+02 1.523648360000004232e+01
2.403013922029999705e+01 6.042745056500007195e+02 7.146856689500000357e+02 1.071283340999998472e+02 2.495178375500008769e+02 4.009263305499998751e+02 5.696036682499998278e+02 7.209926758000001428e+02 9.585153964999994969e+01 2.407749862499995288e+02 3.907924804999984190e+02 -2.522244431641999256e+02 -1.045853033142002459e+02 4.700145344999998542e+01 1.930253524999998263e+02 2.645131836500004283e+02 4.354666747999999643e+02 -1.817391424642000857e+02 -2.173798281420005196e+01 1.167013360000000830e+02 2.433673400999996375e+02 4.364201354999998443e+02 5.396703490999989299e+02 6.496451721499997802e+02 1.543952230000002146e+01
2.503013922029999350e+01 6.040569763000003150e+02 7.153089599999984785e+02 1.077760124500000529e+02 2.489779968000002555e+02 4.015286560000004101e+02 5.690853271999985736e+02 7.215599976000012248e+02 9.530305480000015450e+01 2.402423096000002261e+02 3.902626648000004934e+02 -2.525759954641998775e+02 -1.048651495142003114e+02 4.648632049999991978e+01 1.927978287000000819e+02 2.638593444999996791e+02 4.352273407000002408e+02 -1.822459479642002407e+02 -2.236048041420013988e+01 1.164398422499998560e+02 2.435346680000002380e+02 4.352936707000008028e+02 5.402986449999989418e+02 6.502793578999990132e+02 1.518072945000000118e+01
2.603013922029999350e+01 6.045895080999998754e+02 7.156790160999989894e+02 1.084486618000000817e+02 2.486509933500001353e+02 4.019276733999995486e+02 5.694959716999983357e+02 7.219609985999995843e+02 9.488824465000016062e+01 2.407133178999993106e+02 3.898905029500001547e+02 -2.518924780141996962e+02 -1.042283087641999373e+02 4.691686639999988984e+01 1.933064880500000982e+02 2.633913269000004220e+02 4.358003234999996494e+02 -1.818133306642002935e+02 -2.298099431420013161e+01 1.170933379999996760e+02 2.431949920999995811e+02 4.348639984499986895e+02 5.415868937666660941e+02 6.506936645999994653e+02 1.572821050000004561e+01
2.703013922029999350e+01 6.040646362000006775e+02 7.151633301000001666e+02 1.079947548499999357e+02 2.479958267499996509e+02 4.014133301000001666e+02 5.700353394000012486e+02 7.225701599000003625e+02 9.505496219999986351e+01 2.413369979999997668e+02 3.892198334000004252e+02 -2.521763068141999611e+02 -1.028839890641999517e+02 4.639746669999999540e+01 1.927806548999997176e+02 2.629286347000006572e+02 4.353966522500013525e+02 -1.812139960141998927e+02 -2.352762516420000338e+01 1.166523400000000947e+02 2.438483352499997636e+02 4.342171783499998128e+02 5.425773316000013438e+02 6.501428222499998810e+02 1.519430069999998523e+01
2.803013922029999350e+01 6.044779663000008441e+02 7.156820068500001071e+02 1.081105066666665806e+02 2.482536620999999286e+02 4.018748474499989243e+02 5.706326904999987164e+02 7.224312540666675204e+02 9.576174545000003491e+01 2.419613496000001760e+02 3.894686890000011772e+02 -2.519666510642000503e+02 -1.019563360642005136e+02 4.692319869999994353e+01 1.932440186000003450e+02 2.623628387999997358e+02 4.356176453000007314e+02 -1.806089849642003173e+02 -2.393711001420007278e+01 1.161105118499999662e+02 2.444869995000008203e+02 4.336070251499986625e+02 5.432136841000010463e+02 6.506911621500003093e+02 1.485576154999995424e+01
2.903013922029999350e+01 6.039641724000011891e+02 7.163236694000006537e+02 1.087845039499998165e+02 2.477371597500005009e+02 4.035281270666661726e+02 5.701483459499995661e+02 7.225740356999995129e+02 9.548551559999964411e+01 2.426445083999997223e+02 3.899060060000010708e+02 -2.513303137142002015e+02 -1.012863226642002701e+02 4.667945295000015449e+01 1.927155075000000579e+02 2.616868285999998989e+02 4.347906493999998929e+02 -1.799683295141999224e+02 -2.457797916420003048e+01 1.140422088999999630e+02 2.451044998500001384e+02 4.329618377499991766e+02 5.429985046500005410e+02 6.504539795000000595e+02 1.415857694999999694e+01
3.003013922029999350e+01 6.044843140000011772e+02 7.169821472500007076e+02 1.094093322999997326e+02 2.480686492999993789e+02 4.044486695000014151e+02 5.704486695000014151e+02 7.230289917000009154e+02 9.513635249999970256e+01 2.432416687000004458e+02 3.905249939500008622e+02 -2.506936407642006088e+02 -1.005923223642002995e+02 4.685857020000003104e+01 1.929673309999998310e+02 2.613129883000001428e+02 4.341629791499999556e+02 -1.793153448642005969e+02 -2.430564026420006485e+01 1.125376662999997279e+02 2.457383422999992035e+02 4.315155182250000507e+02 5.432666625999991084e+02 6.500873412999972061e+02 1.380893809999997757e+01
3.103013922029999350e+01 6.044583129999991797e+02 7.176350097999966238e+02 1.088504982499998732e+02 2.491877747000004604e+02 4.038836670000000595e+02 5.707536621999988711e+02 7.236751709000018309e+02 9.457651144999999815e+01 2.426928406500001074e+02 3.911026611000015691e+02 -2.502546454641997116e+02 -1.011534796142000232e+02 4.632767294999985097e+01 1.935888214000005974e+02 2.607731628999999884e+02 4.338675079499989806e+02 -1.798478155642005731e+02 -2.391965396420005163e+01 1.123245086500000980e+02 2.452026672499996494e+02 4.298601837499991234e+02 5.426774902500001190e+02 6.495186767499981215e+02 1.325639010000003282e+01
3.203013922029999350e+01 6.042706909000007727e+02 7.180399780000007013e+02 1.091773376999999527e+02 2.505263214500000686e+02 4.042006836000000476e+02 5.704614868500011653e+02 7.243039550999965286e+02 9.427538299999969240e+01 2.429526671999992686e+02 3.917469940500013763e+02 -2.495929785642001661e+02 -1.008516607642004601e+02 4.660223390000010113e+01 1.942336577999994915e+02 2.604804992500003209e+02 4.341866760000011709e+02 -1.795776739642005850e+02 -2.361347106419998454e+01 1.119936828499999137e+02 2.454659881999996287e+02 4.255275213363638613e+02 5.429660034000007727e+02 6.488583375000016531e+02 1.262948704999996608e+01
3.303013922029999350e+01 6.049033204000006663e+02 7.186217957000008028e+02 1.095111579999997957e+02 2.501881561500003954e+02 4.048598327499985317e+02 5.710846558000012010e+02 7.245864868500029843e+02 9.487896739999996498e+01 2.441031087333334142e+02 3.924033202999999048e+02 -2.489606390642002225e+02 -1.005848150642000292e+02 4.697476959999994506e+01 1.945186615000002348e+02 2.610736694000006537e+02 4.345228271500000119e+02 -1.784073248641998362e+02 -2.424149226419990555e+01 1.113611602500000117e+02 2.457524948000000222e+02 4.211221618500003387e+02 5.432894897499991202e+02 6.482073363999988942e+02 1.199956849999995256e+01
3.403013922029999350e+01 6.055010071000015159e+02 7.183103332499995304e+02 1.089091720999999779e+02 2.505116577000007965e+02 4.046066895000003569e+02 5.714244995499993820e+02 7.239254760500007251e+02 9.520288849999997183e+01 2.454820098999998663e+02 3.928366698999998334e+02 -2.485423040641999251e+02 -1.011503058142002374e+02 4.666303634999985661e+01 1.940216674999992392e+02 2.613840179500002705e+02 4.339243623000002117e+02 -1.770378180141997291e+02 -2.477164366419992803e+01 1.116979903999999806e+02 2.451804961999996522e+02 4.201459960499996669e+02 5.428166504000000714e+02 6.476066894499999762e+02 1.146978860000001532e+01
3.503013922029999350e+01 6.053063355000012962e+02 7.178250122000026749e+02 1.082965049999997973e+02 2.508341598999995767e+02 4.042536773499996343e+02 5.707848510499989061e+02 7.233656616000007489e+02 9.456387329999961366e+01 2.453229981000004045e+02 3.934543304500002705e+02 -2.483011694642000293e+02 -1.017369757142000708e+02 4.636710549999997966e+01 1.942716751000007207e+02 2.608576659999998810e+02 4.333218536499989568e+02 -1.771966314641995268e+02 -2.457898621419997198e+01 1.119951553999999305e+02 2.447140044999996462e+02 4.195328216999987490e+02 5.430589904999997088e+02 6.470093383999992511e+02 1.212104419999997162e+01
3.603013922029999350e+01 6.052655029499983357e+02 7.177716675000010582e+02 1.077999953999997160e+02 2.502250061000013375e+02 4.039811706499986030e+02 5.702543335000009392e+02 7.239779968499969982e+02 9.401945499999965250e+01 2.452390060500001709e+02 3.940639953999998397e+02 -2.485126868141996965e+02 -1.023753119642001366e+02 4.668246839999983422e+01 1.940206757000005382e+02 2.605195999000002303e+02 4.327038269500008028e+02 -1.772754584142003296e+02 -2.528082941420007046e+01 1.113971595999996680e+02 2.453898315499991440e+02 4.189931641499988473e+02 5.428053283999997802e+02 6.463920288500012248e+02 1.272602559999995719e+01
3.703013922029999350e+01 6.058143310499981453e+02 7.183169860999987577e+02 1.080238304500003323e+02 2.497916718000014953e+02 4.053605651999993711e+02 5.707236327999999048e+02 7.245388184000003093e+02 9.420962525000004462e+01 2.458590088000000833e+02 3.947333374499994534e+02 -2.480743018142002256e+02 -1.029676581141998213e+02 4.701351935000002413e+01 1.945253372499992111e+02 2.595625000500003807e+02 4.320839996499998961e+02 -1.759198573975330362e+02 -2.623441226420004568e+01 1.107791595500002586e+02 2.459305038499996954e+02 4.183614959999995335e+02 5.433738403500010463e+02 6.457723389000020688e+02 1.292305850000002465e+01
3.803013922029999350e+01 6.052969970999984071e+02 7.177149963999981992e+02 1.077221679499998572e+02 2.499676742499996180e+02 4.065193481999995129e+02 5.702921956333326534e+02 7.239419860999987577e+02 9.394418335000000297e+01 2.451943359500000952e+02 3.953666687000004458e+02 -2.475729285142006120e+02 -1.035439825641997231e+02 4.637920189999999820e+01 1.939573517999997421e+02 2.590133667000009154e+02 4.315050048999983119e+02 -1.747339849641994078e+02 -2.811398988920007014e+01 1.101376533499997095e+02 2.445559196250001150e+02 4.178483276000006299e+02 5.428303223000002617e+02 6.451343383999992511e+02 1.267643314999997983e+01
3.903013922029999350e+01 6.051472168333324362e+02 7.172213134999983595e+02 1.083803405999997267e+02 2.495380097000015667e+02 4.069529723999985436e+02 5.708983154000015929e+02 7.233256530500002555e+02 9.465914919999977428e+01 2.446829834000000119e+02 3.957713317999987339e+02 -2.472333899141995062e+02 -1.039753180142001838e+02 4.592633059999980105e+01 1.936498489999994490e+02 2.586693420999999944e+02 4.311781463500010432e+02 -1.741742926142005672e+02 -2.938565726420006285e+01 1.096289826000001995e+02 2.432203368999998929e+02 4.183103332999999111e+02 5.432043456999999762e+02 6.446510009999983595e+02 1.336359789999994518e+01
4.003013922029999350e+01 6.039853516000002855e+02 7.167396851000012248e+02 1.079300041000001329e+02 2.489574966500003939e+02 4.075929718499992305e+02 5.722104492333334065e+02 7.227719727000003331e+02 9.505222320000029868e+01 2.442094955499997013e+02 3.952183227499990608e+02 -2.462846441641995625e+02 -1.038332891642003233e+02 4.542718124999987594e+01 1.929326630000005025e+02 2.579945068500001071e+02 4.304811553999988973e+02 -1.735889654641996458e+02 -3.046817689753333980e+01 1.091578254999999444e+02 2.426484909000000698e+02 4.177471619000025385e+02 5.437928466499979550e+02 6.441411438499999349e+02 1.291932730000002039e+01
4.103013922029999350e+01 6.027502441500000714e+02 7.148034058000005189e+02 1.081766815000000861e+02 2.494511566499986657e+02 4.082276611000015691e+02 5.731279906999989180e+02 7.232596436000021640e+02 9.566623690000005809e+01 2.444489899000000150e+02 3.957213287499998842e+02 -2.456711492641998120e+02 -1.031427985141999670e+02 4.349255830000011258e+01 1.914924812750005003e+02 2.582096558000012010e+02 4.299118347500007076e+02 -1.731933355641995149e+02 -3.059561826420008401e+01 1.093833312999995542e+02 2.431855011499992543e+02 4.182911529999983031e+02 5.444489746000035666e+02 6.436143188999994891e+02 1.318046089999995729e+01
4.203013922029999350e+01 5.995741272333337974e+02 7.130271606500027701e+02 1.088066558999998961e+02 2.500953216999987490e+02 4.088333282500007044e+02 5.726373291500021878e+02 7.238554992999997921e+02 9.540918729999975767e+01 2.450888366499993936e+02 3.963443297999983770e+02 -2.450743170641999313e+02 -1.047737799242000563e+02 4.168355564999978924e+01 1.901846694999994725e+02 2.576519928499983507e+02 4.292324982000009186e+02 -1.711726935042002822e+02 -3.113431461420009327e+01 1.088888320999999451e+02 2.438396759999995993e+02 4.189286500000016531e+02 5.450806579999989481e+02 6.428908386000002793e+02 1.380278634999996257e+01
4.303013922029999350e+01 5.982523193000015453e+02 7.129657389333345918e+02 1.094619828000004418e+02 2.505219727000003331e+02 4.094450073000007251e+02 5.729756469999992987e+02 7.239283447999987402e+02 9.563162999999985914e+01 2.451499939000004815e+02 3.968020020000003569e+02 -2.446153021642003296e+02 -1.062426520642002288e+02 4.131345749999991313e+01 1.895731812000003629e+02 2.579360046000001603e+02 4.277160034249991440e+02 -1.694606694642006914e+02 -3.084262756420002916e+01 1.092296676999994816e+02 2.442836762000006274e+02 4.193169860999987577e+02 5.456953125000000000e+02 6.425716553000020212e+02 1.384825139999998100e+01
4.403013922029999350e+01 5.974108581999971648e+02 7.136656493999980739e+02 1.098763200000003053e+02 2.508401489500010939e+02 4.089729919999990670e+02 5.733258362000015040e+02 7.233528442499991797e+02 9.604429629999958706e+01 2.446170044000000416e+02 3.970728455499993288e+02 -2.439686346642001809e+02 -1.067956305142001838e+02 4.078115464999996220e+01 1.899270020000003569e+02 2.586118316499996581e+02 4.263804779500005679e+02 -1.682645432642002561e+02 -3.053180606420005461e+01 1.095670051999995849e+02 2.445696717000009812e+02 4.195828094499993313e+02 5.451979980500000238e+02 6.420258484000005410e+02 1.326347924999993211e+01
4.503013922029999350e+01 5.967641602000003331e+02 7.142888184000003093e+02 1.104866562000001977e+02 2.502203216500001872e+02 4.092626343000010820e+02 5.730320129499996256e+02 7.217559448799991060e+02 9.668405155000027662e+01 2.443176574500012066e+02 3.954854126199999769e+02 -2.433022833641989564e+02 -1.074398260641996785e+02 4.015145875000007436e+01 1.905401535500004684e+02 2.592926636000011058e+02 4.266936645999994653e+02 -1.671402960642008111e+02 -3.115131286420000833e+01 1.089610024000003250e+02 2.442491760000011709e+02 4.192868195000010019e+02 5.454953613999969093e+02 6.414573364499992749e+02 1.296637965000002168e+01
4.603013922029999350e+01 5.964030151500010106e+02 7.139552002000018547e+02 1.101436615000002348e+02 2.499079971499995736e+02 4.095526428499997564e+02 5.727206726999975217e+02 7.201496582500003569e+02 9.732019039999977394e+01 2.436876525500010757e+02 3.938949890499989124e+02 -2.426609869641997648e+02 -1.080539923142000589e+02 3.951814459999991413e+01 1.911416625999991084e+02 2.595625000499985617e+02 4.273466644500003895e+02 -1.665223150641995744e+02 -3.177731996420016003e+01 1.083344917499998701e+02 2.448906707999994978e+02 4.198643187999987276e+02 5.461376648000004934e+02 6.411413269000004220e+02 1.264269590000003518e+01
4.703013922029999350e+01 5.968605956999987256e+02 7.142536621000035666e+02 1.104856644000001324e+02 2.505396575999984634e+02 4.089096526999983325e+02 5.730046997000026749e+02 7.204606322999970871e+02 9.794443129999990560e+01 2.418525434714294136e+02 3.933459777999996732e+02 -2.429189825641988136e+02 -1.086709662142002344e+02 3.888927659999990283e+01 1.917656784000000698e+02 2.589478454999989481e+02 4.270373229999968316e+02 -1.658622808641994197e+02 -3.243146421419999115e+01 1.080436630499998500e+02 2.453220062000000325e+02 4.202293396000022767e+02 5.467603149999995367e+02 6.417639771000031033e+02 1.293415639999989253e+01
4.803013922029999350e+01 5.972313233000022592e+02 7.146916503999964334e+02 1.107903366999998980e+02 2.509793395999986387e+02 4.082551422500000626e+02 5.733041687000004458e+02 7.207828064499990433e+02 9.777763369999956922e+01 2.401683247999996240e+02 3.933739776500005974e+02 -2.428557806642002106e+02 -1.103108404442005792e+02 3.835925290000022869e+01 1.923746642999994947e+02 2.583103179999998247e+02 4.270793305000006512e+02 -1.655546637142006148e+02 -3.305197816420002255e+01 1.086823273000009067e+02 2.454923400999996375e+02 4.208308410999998159e+02 5.471473389000020688e+02 6.420559997499985911e+02 1.323119735000000219e+01
4.903013922029998639e+01 5.977739868499993463e+02 7.152928466999983357e+02 1.101055107000006501e+02 2.515920028499986074e+02 4.076431732500004728e+02 5.727506713999973726e+02 7.201776428000011947e+02 9.774016195000012885e+01 2.389406662500005041e+02 3.940313109999988228e+02 -2.422552862642005493e+02 -1.123764716142004545e+02 3.898135759999991024e+01 1.927826690999991115e+02 2.576871643500016944e+02 4.277439881000027526e+02 -1.660419683641994197e+02 -3.368863586420002321e+01 1.090014839499999653e+02 2.452466583000004903e+02 4.214596557999975630e+02 5.477611694999977772e+02 6.414983521000031033e+02 1.260004570000000967e+01
5.003013922029998639e+01 5.983052063499999349e+02 7.157693481499991321e+02 1.094691811000002417e+02 2.521064987500012649e+02 4.070388336500000150e+02 5.733984985499992035e+02 7.195786437999995542e+02 9.826166919999968741e+01 2.383150024500009749e+02 3.944599914999998873e+02 -2.420394660141992063e+02 -1.130217963142004010e+02 3.959979250000014872e+01 1.934191665999996985e+02 2.570601654500005679e+02 4.284065093999997771e+02 -1.643496466242002612e+02 -3.430362606420021621e+01 1.083621597499995914e+02 2.458173218000010820e+02 4.219133301999972900e+02 5.482985229500009154e+02 6.417665100499980326e+02 1.207162190000008195e+01
5.103013922029998639e+01 5.977703247000026749e+02 7.151983642999985022e+02 1.089820099999997183e+02 2.515993195000010019e+02 4.064113311999990401e+02 5.740396728999985498e+02 7.190553588999973726e+02 9.764306260000012117e+01 2.376879883500005235e+02 3.940185648999977275e+02 -2.425749884641991230e+02 -1.136377936141998362e+02 4.027066424999998162e+01 1.940166473000008409e+02 2.565719910000007076e+02 4.290446471999966889e+02 -1.623669806642010371e+02 -3.490882021419997727e+01 1.078253249999997934e+02 2.453046570000005886e+02 4.213844910000007076e+02 5.477483521000031033e+02 6.412816773000013200e+02 1.272273350000000391e+01
5.203013922029998639e+01 5.981619873000017833e+02 7.148651733500009868e+02 1.094280013999996299e+02 2.520549926999992749e+02 4.058980104000002029e+02 5.744726563000003807e+02 7.194723510999974678e+02 9.705631260000018301e+01 2.372333374000008916e+02 3.946596680000002380e+02 -2.418951483141991048e+02 -1.141216192642004899e+02 4.081490324999981567e+01 1.944289855999995780e+02 2.570473328000007314e+02 4.295269775999986450e+02 -1.619792852642003709e+02 -3.540329646420013887e+01 1.082319946000006894e+02 2.457383270999998786e+02 4.219364776500005974e+02 5.473659973499998159e+02 6.420020141999993939e+02 1.326718525000001137e+01
5.303013922029998639e+01 6.001791992199999868e+02 7.141863403000024846e+02 1.100473365999996531e+02 2.515275039999996807e+02 4.062913513000021339e+02 5.739300231999986863e+02 7.189568175999993400e+02 9.649793250000038825e+01 2.367363510499999393e+02 3.950596618999989005e+02 -2.421184760141986771e+02 -1.137519903642005374e+02 4.028839490000018486e+01 1.949888381999990088e+02 2.565054931499998929e+02 4.289763336500000150e+02 -1.612989874642007635e+02 -3.586215886420018251e+01 1.088658332499999233e+02 2.463281707999994978e+02 4.216821594500033825e+02 5.466953126000007614e+02 6.417461852999986149e+02 1.272154720000003181e+01
5.403013922029998639e+01 6.018880006000035792e+02 7.136640015000011772e+02 1.098476753499999177e+02 2.508630066499990789e+02 4.069010010000019975e+02 5.744861755999991146e+02 7.194611511500006600e+02 9.616061785000010786e+01 2.361763229499993031e+02 3.956556549500019173e+02 -2.418359747641989088e+02 -1.131044684141998005e+02 4.069593810000014855e+01 1.955983277000013913e+02 2.570475006500000745e+02 4.295138092500019411e+02 -1.606736212642008468e+02 -3.638330751419994158e+01 1.102998911999996636e+02 2.469046631999990495e+02 4.219353333999970346e+02 5.469600219999992987e+02 6.411721496500031208e+02 1.278465660000006210e+01
5.503013922029998639e+01 6.025289917000009154e+02 7.129641723499953514e+02 1.091510009500007072e+02 2.513475037000007433e+02 4.066939697499983595e+02 5.742232971500015992e+02 7.200859984999988228e+02 9.541480640000008862e+01 2.354908295000004728e+02 3.953901519999999437e+02 -2.412126532141992357e+02 -1.124712896641995030e+02 4.130524634999983391e+01 1.951253280500004621e+02 2.566969910499992693e+02 4.292706604499981040e+02 -1.600463324142001511e+02 -3.705164246419985830e+01 1.112429962000005617e+02 2.463870010499995260e+02 4.214236755999991146e+02 5.464341735999987577e+02 6.404955139000012423e+02 1.350284580000000823e+01
5.603013922029998639e+01 6.031733399000004283e+02 7.126409911999944597e+02 1.076714229750000413e+02 2.519746703999990132e+02 4.062896422999983770e+02 5.738399657999980263e+02 7.204686890000011772e+02 9.562751009999919916e+01 2.351756591999983357e+02 3.950343322999979137e+02 -2.406383428642002400e+02 -1.120729742641997291e+02 4.195179760000019087e+01 1.954306641000002855e+02 2.563743285999989894e+02 4.294723205999980564e+02 -1.593806524641986471e+02 -3.685062316419998751e+01 1.117066727000001265e+02 2.468856659000011859e+02 4.217073365000032936e+02 5.467399902999968617e+02 6.401279906999989180e+02 1.440059279999991304e+01
5.703013922029998639e+01 6.026979980500000238e+02 7.120714925666688941e+02 1.060814972500002114e+02 2.511249924000003375e+02 4.060526429000019561e+02 5.736058349999984785e+02 7.207286682999983896e+02 9.605124660000001313e+01 2.346338271999993594e+02 3.945226746000007552e+02 -2.389397345141996993e+02 -1.117741461141995387e+02 4.139450265000004947e+01 1.957466660000009142e+02 2.558233261000004859e+02 4.306335347999993246e+02 -1.589696417642007873e+02 -3.739014346420026413e+01 1.120493431000004421e+02 2.468793336000017007e+02 4.228295389666673145e+02 5.470478210999972362e+02 6.395825195500001428e+02 1.387879235000002609e+01
5.803013922029998639e+01 6.030026855000032810e+02 7.114196471999966889e+02 1.050841599000004862e+02 2.501958236500013300e+02 4.066996460000009392e+02 5.742109984999988228e+02 7.201360168499959400e+02 9.640414049999981216e+01 2.342476654000001872e+02 3.938708191000005172e+02 -2.370543280142010190e+02 -1.123853217142004723e+02 4.162274940000042989e+01 1.954998398000007001e+02 2.552186508000013418e+02 4.317833251999982167e+02 -1.586288214142005017e+02 -3.707633116419992803e+01 1.116896667499995601e+02 2.464199905499990564e+02 4.242266540499986149e+02 5.467393493999989005e+02 6.392425231999986863e+02 1.419800280000004022e+01
5.903013922029998639e+01 6.032948303500015754e+02 7.107926636000047438e+02 1.045148239500003911e+02 2.495873412999990251e+02 4.070306549500019173e+02 5.748420105000004696e+02 7.195508117999997921e+02 9.582373809999990044e+01 2.348853455999997095e+02 3.932679900999974052e+02 -2.373528509642001154e+02 -1.127123175142005493e+02 4.194883160000017597e+01 1.961046600000008766e+02 2.545735015999998723e+02 4.320601654499987490e+02 -1.592673407141992357e+02 -3.657848779753354762e+01 1.114025077999995119e+02 2.460903321000005235e+02 4.248513183999966714e+02 5.464515075999988767e+02 6.389760437500008265e+02 1.460277239999989796e+01
6.003013922029998639e+01 6.027683105999967665e+02 7.101973266499990132e+02 1.032116718500005845e+02 2.490660247999985586e+02 4.064113158999971347e+02 5.754970093000010820e+02 7.189766845999984071e+02 9.547193909999987227e+01 2.359953460999992387e+02 3.926009826499976043e+02 -2.370496588642017741e+02 -1.130063238642005672e+02 4.144977190000008704e+01 1.964266586499998084e+02 2.539538345500004652e+02 4.315386657999988529e+02 -1.597956304641993484e+02 -3.628433903086685319e+01 1.117280197000000044e+02 2.467100219999992987e+02 4.252496642999976757e+02 5.467620240000032936e+02 6.392686767999985022e+02 1.410927015000004303e+01
6.103013922029998639e+01 6.033715209999973013e+02 7.095834961000000476e+02 1.017186661000005188e+02 2.489575551666675892e+02 4.059253236000004108e+02 5.757993469499997445e+02 7.196756897500017658e+02 9.525460050000037882e+01 2.379147796666669308e+02 3.919458312999995542e+02 -2.366506720641991706e+02 -1.126719732641995506e+02 4.214862254999979996e+01 1.957874833000005310e+02 2.533418349999992643e+02 4.317336731499999587e+02 -1.591409674642000027e+02 -3.555631166420016598e+01 1.120241813999991791e+02 2.470330124000010983e+02 4.258620147999972687e+02 5.470633239499984484e+02 6.395748290999981691e+02 1.548013243333336142e+01
6.203013922029998639e+01 6.040116576999935205e+02 7.089698181499989005e+02 1.014927864499995849e+02 2.478079833999981929e+02 4.060971527500005323e+02 5.752129822000024433e+02 7.203067016999993939e+02 9.444191236666665645e+01 2.391296691999996256e+02 3.913773499000017182e+02 -2.360619879142013815e+02 -1.122923346642000979e+02 4.274786000000040076e+01 1.951704940500003431e+02 2.508309566142857534e+02 4.314461974999976519e+02 -1.585096197642014886e+02 -3.604996406420013955e+01 1.115173340000001190e+02 2.465446778000004997e+02 4.265079955999972299e+02 5.465233155000023544e+02 6.390599975999939488e+02 1.666266440000003968e+01
6.303013922029998639e+01 6.047149657999980263e+02 7.083344726499999524e+02 1.020423317499999030e+02 2.480710068000007595e+02 4.054613342499978899e+02 5.745473328000007314e+02 7.205458374500012724e+02 9.323374559999956546e+01 2.393465042499992705e+02 3.907946778000004997e+02 -2.355646429641983559e+02 -1.120788336641999194e+02 4.293589780000002065e+01 1.945321502499991766e+02 2.476673380666664741e+02 4.321433411000034539e+02 -1.578562994641997648e+02 -3.541782291420008733e+01 1.117495003000003635e+02 2.467721862999987934e+02 4.267321625500007940e+02 5.471344910500010883e+02 6.393179932000057306e+02 1.696219065000002502e+01
6.403013922029998639e+01 6.053276366999925813e+02 7.077176513999947929e+02 1.014970092999992630e+02 2.477755203500000789e+02 4.047891693499987014e+02 5.738766784999970696e+02 7.202928162000025623e+02 9.263110355000026175e+01 2.391050033999999869e+02 3.902743225000012899e+02 -2.360912848642001336e+02 -1.123259955142002582e+02 4.266914365000002363e+01 1.939839935999989393e+02 2.464454803999997239e+02 4.325433350000021164e+02 -1.572720099641992419e+02 -3.483664616419991944e+01 1.114846763499999724e+02 2.464965133999994578e+02 4.264720001000023331e+02 5.477166748000017833e+02 6.388373412999935681e+02 1.633716775000004873e+01
6.503013922029998639e+01 6.057273560000030557e+02 7.072062987999961479e+02 1.019469986000003701e+02 2.484476624000017182e+02 4.044226685000030557e+02 5.734080200000025798e+02 7.208103332499958924e+02 9.200714119999975082e+01 2.397173461999991559e+02 3.898783264499979850e+02 -2.356553106641986233e+02 -1.117831488142001035e+02 4.324323270000013508e+01 1.942221680000002380e+02 2.459366455999988830e+02 4.332273254499996256e+02 -1.568966436642003828e+02 -3.441232966420011508e+01 1.120300216499999806e+02 2.472086639000008290e+02 4.271379700000034063e+02 5.486931762999993225e+02 6.383945007500005886e+02 1.577109099999995578e+01
6.603013922029998639e+01 6.052116699000034714e+02 7.067091369499976281e+02 1.014107017500000438e+02 2.479956665000008798e+02 4.038975067499995930e+02 5.729385070999996969e+02 7.202786864999943646e+02 9.145972450000044773e+01 2.401433562999991409e+02 3.892096710500009067e+02 -2.345583410891995300e+02 -1.122696295641999313e+02 4.272149660000013682e+01 1.937673493000002054e+02 2.454626693999998679e+02 4.329206848499998159e+02 -1.574416266141997767e+02 -3.382080751420016895e+01 1.115090180000006512e+02 2.467285004499990464e+02 4.268738404000008018e+02 5.492510071000033349e+02 6.377600098000038997e+02 1.527491190000000643e+01
6.703013922029998639e+01 6.056763306499997270e+02 7.061513367000006838e+02 1.019738274000001184e+02 2.482616577000007965e+02 4.044415130999987014e+02 5.723399963500014564e+02 7.207346801999956369e+02 9.113685230000010051e+01 2.407615050999993400e+02 3.894419860999987577e+02 -2.331254950141992595e+02 -1.118586187641994911e+02 4.315813069999967411e+01 1.932785033999989537e+02 2.449165115499999956e+02 4.323851623500013375e+02 -1.569171515142006683e+02 -3.400397406420006519e+01 1.119523468000006687e+02 2.469199981999990996e+02 4.269733275999969919e+02 5.506398315500009630e+02 6.370846863500046311e+02 1.488963085000000319e+01
6.803013922029998639e+01 6.062856445000070380e+02 7.033204781999999113e+02 1.016961593500000163e+02 2.488988418999997521e+02 4.041935272000009718e+02 5.725446777999968617e+02 7.201783447499983595e+02 8.911022647999998014e+01 2.413506621999986237e+02 3.906147766666690586e+02 -2.333861456642007397e+02 -1.112581549142005315e+02 4.374111174999961804e+01 1.926474838499998441e+02 2.442051773999992292e+02 4.316350097499998810e+02 -1.568909267308663402e+02 -3.386429506420017788e+01 1.114070053000004918e+02 2.464293289500001265e+02 4.261498260999978811e+02 5.503419799999974202e+02 6.364454956000045058e+02 1.504148480000003474e+01
6.903013922029998639e+01 6.067310181000066223e+02 6.985839455636371440e+02 1.011563034000000698e+02 2.495540160999989894e+02 4.038530274000004283e+02 5.730070189999969443e+02 7.195581665500067174e+02 8.822473150000041642e+01 2.425227864666667301e+02 3.917126770000031684e+02 -2.338707037641997886e+02 -1.112199469642000622e+02 4.435507200000029115e+01 1.929653168000004371e+02 2.438450011999993876e+02 4.313483275999969919e+02 -1.554916906892003681e+02 -3.320517646420012170e+01 1.119606705000005604e+02 2.466889953999998397e+02 4.255393218999997771e+02 5.500366820999988704e+02 6.367316894999967190e+02 1.544330409999997755e+01
7.003013922029998639e+01 6.070713195999996969e+02 6.936720581199973594e+02 1.006796111999992718e+02 2.499633484000005410e+02 4.033368530499974440e+02 5.733210144000004220e+02 7.186124877999973251e+02 8.859828190000007453e+01 2.436023559999994177e+02 3.919831847999994352e+02 -2.329201625308669463e+02 -1.114529791642007694e+02 4.382557110000016110e+01 1.922140686400001925e+02 2.436320038499998191e+02 4.308298187000000325e+02 -1.550464239641987660e+02 -3.323966126420009459e+01 1.119333191999994597e+02 2.473509979499995097e+02 4.261346741000015754e+02 5.498104858500009868e+02 6.370449829499993939e+02 1.574273514999998724e+01
7.103013922029998639e+01 6.064613342500015278e+02 6.914338379000037094e+02 1.004899635499996293e+02 2.505466766499994264e+02 4.030608216000000539e+02 5.730168457000036142e+02 7.176648254500032635e+02 8.889568710000003193e+01 2.442343292500008829e+02 3.913793640500007314e+02 -2.320886297641991405e+02 -1.107933111641996220e+02 4.410183719999986351e+01 1.901310042999994039e+02 2.442823180999985198e+02 4.301993103500026336e+02 -1.546202764642002876e+02 -3.339148626420023902e+01 1.117268256999996083e+02 2.479819945999988704e+02 4.267486572499983595e+02 5.504773560000030557e+02 6.367529907500065747e+02 1.638882545000001301e+01
7.203013922029998639e+01 6.058229981499971473e+02 6.908370056499989005e+02 1.001456374999997934e+02 2.502199860000000626e+02 4.026994933999994828e+02 5.736660155999998096e+02 7.170446472499970696e+02 8.827084734999971261e+01 2.439378357500008860e+02 3.911031647000017983e+02 -2.323951483142009238e+02 -1.105079718142005731e+02 4.441208455000014510e+01 1.895278091999989556e+02 2.445583267500005604e+02 4.298778076000016881e+02 -1.543266363641996577e+02 -3.272464666420000867e+01 1.130728836333334328e+02 2.482510070999996969e+02 4.273779906999989180e+02 5.507803039999998873e+02 6.373920287999935681e+02 1.727344134999998460e+01
7.303013922029998639e+01 6.052003173999983119e+02 6.902521667999972124e+02 1.004411240000008547e+02 2.505189820000014151e+02 4.029376525999978185e+02 5.739939881000027526e+02 7.164178467000019737e+02 8.792140580000068439e+01 2.442610015999998723e+02 3.917223205999980564e+02 -2.320839605641995149e+02 -1.108291388142006326e+02 4.383122259999981907e+01 1.888516464500007714e+02 2.440849914999998873e+02 4.304643555000002380e+02 -1.549162970641991706e+02 -3.212351136419988507e+01 1.141493453999992198e+02 2.477270050000006449e+02 4.277789916999972775e+02 5.502164612000015040e+02 6.377850342000019737e+02 1.793588460000000850e+01
7.403013922029998639e+01 6.046829833999945549e+02 6.895548095999984071e+02 1.007483062499995867e+02 2.508341522499995335e+02 4.041573385000010603e+02 5.732918395999950008e+02 7.157896423999991384e+02 8.855032349999964936e+01 2.445668411500009825e+02 3.920236664000003657e+02 -2.308828700975342656e+02 -1.109723272642004304e+02 4.325251770000022589e+01 1.882268143000001146e+02 2.446613312000008591e+02 4.308473511999982293e+02 -1.555284796142004780e+02 -3.246063906419999512e+01 1.143638076999995974e+02 2.483641814999991766e+02 4.279883422999992035e+02 5.496849976000012248e+02 6.383949890000003506e+02 1.825884154999994280e+01
7.503013922029998639e+01 6.053153686500008916e+02 6.900773315999977058e+02 1.001437034999999014e+02 2.503123321999992186e+02 4.053443297999983770e+02 5.727273560000030557e+02 7.151954956500048866e+02 8.896982580000076268e+01 2.439621735000000626e+02 3.914900208000035491e+02 -2.297166510641982313e+02 -1.110159674642000027e+02 4.264405440000018643e+01 1.877263184000003093e+02 2.452456512999997358e+02 4.314766846000020450e+02 -1.560430059641985281e+02 -3.216532046419979451e+01 1.140156783999991603e+02 2.489883423999999650e+02 4.277556762499989418e+02 5.502833252499985974e+02 6.390509643999976106e+02 1.767203524999990805e+01
7.603013922029998639e+01 6.058256837000008090e+02 6.909593505999946501e+02 9.952233125000020664e+01 2.509173355000002630e+02 4.058923340000001190e+02 5.729823303500015754e+02 7.145503234999996494e+02 8.916355899999962276e+01 2.434096527000001515e+02 3.917350159000015992e+02 -2.295903082641998481e+02 -1.103959722641993721e+02 4.200695804999986649e+01 1.886672109000004127e+02 2.455224914999998873e+02 4.319779816499976732e+02 -1.557778387641992595e+02 -3.182495791420001297e+01 1.146459961000000476e+02 2.496269989000011265e+02 4.282818145999990520e+02 5.507990418000008503e+02 6.396816711999999825e+02 1.707680989999994381e+01
7.703013922029998639e+01 6.052063293500032159e+02 6.915650024499991559e+02 9.886773305000042456e+01 2.515266723999993701e+02 4.064989929000003031e+02 5.727521973499970045e+02 7.140053100999939488e+02 8.888570404999973107e+01 2.438119965000005323e+02 3.914818573000011384e+02 -2.298642950642006326e+02 -1.097944403642004545e+02 4.047090023333354480e+01 1.902111816500000714e+02 2.453033371499986970e+02 4.314949646000022767e+02 -1.560281439642003534e+02 -3.235996146420029618e+01 1.152693252999997640e+02 2.502799988000006124e+02 4.277816773000013200e+02 5.502846680000002380e+02 6.402823485999979312e+02 1.649706336666667994e+01
7.803013922029998639e+01 6.047303467000019737e+02 6.922226563000003807e+02 9.823791505000008328e+01 2.519636688000027789e+02 4.069383240000024671e+02 5.734119873000017833e+02 7.144580077999999048e+02 8.947297674999936135e+01 2.445213394500005961e+02 3.921253357000023243e+02 -2.293267889142007334e+02 -1.093042975141997886e+02 4.034017374999984895e+01 1.907001800500001991e+02 2.459673616000000038e+02 4.319649963999981992e+02 -1.554931707642008405e+02 -3.190366276419990754e+01 1.158869896500000323e+02 2.507220000999986951e+02 4.282703247000026749e+02 5.507346801999956369e+02 6.405130005499959225e+02 1.586460499999998319e+01
7.903013922029998639e+01 6.042345275999978185e+02 6.917291565999985323e+02 9.768740849999994680e+01 2.525943375000024389e+02 4.064166565000014089e+02 5.738070068999950308e+02 7.133822224999991022e+02 8.894667060000028869e+01 2.442213440000014089e+02 3.916758423499995843e+02 -2.298206549642018217e+02 -1.098209600642003352e+02 3.884322739999970509e+01 1.901300201000012748e+02 2.455128402500013181e+02 4.325810089500009781e+02 -1.560216436642003828e+02 -3.244397646420020465e+01 1.165269927999997890e+02 2.513256683500003419e+02 4.288619995000008203e+02 5.502049866000015754e+02 6.400369873000017833e+02 1.626680570000007719e+01
8.003013922029998639e+01 6.037191773500017007e+02 6.911869812000004458e+02 9.733617785000024014e+01 2.532030182000016794e+02 4.071030070333314939e+02 5.732473144499963382e+02 7.133046875000000000e+02 8.858737184999972669e+01 2.436520156999977189e+02 3.919410095999992336e+02 -2.293450078642017615e+02 -1.093439702642008342e+02 3.820357899999999063e+01 1.898265152000003582e+02 2.457160033999971347e+02 4.332560119999980088e+02 -1.563880072142001154e+02 -3.197846131420010352e+01 1.169529954000008729e+02 2.519580077999999048e+02 4.286940003000017896e+02 5.507446899499991559e+02 6.406926575500037870e+02 1.693375019999996312e+01
8.103013922029998639e+01 6.030195007500005886e+02 6.904819946499992511e+02 9.670708465000006981e+01 2.538205032500009111e+02 4.069838562666676012e+02 5.725954895499962731e+02 7.127146606499954942e+02 8.793964009999945119e+01 2.430026703000003181e+02 3.914006500499999675e+02 -2.298878241141992476e+02 -1.087478094642001452e+02 3.756284144999972341e+01 1.890795135999997001e+02 2.463128433500023675e+02 4.338148880249991635e+02 -1.562146368641988374e+02 -3.133365546420009196e+01 1.164263267500000438e+02 2.514081649999989168e+02 4.282113342000011471e+02 5.504865112499974202e+02 6.405046691999959876e+02 1.670002370000008796e+01
8.203013922029998639e+01 6.026626587000064319e+02 6.901226807000057306e+02 9.690755460000036692e+01 2.544550019000016619e+02 4.069623414000016055e+02 5.719731445500001428e+02 7.120696716500024195e+02 8.818086240000047837e+01 2.432373200000001816e+02 3.917149963999981992e+02 -2.293282843142005731e+02 -1.086319952642006683e+02 3.693769840000004478e+01 1.863934195571429484e+02 2.469030151999977534e+02 4.343689880000019912e+02 -1.555924750142003177e+02 -3.065332706420008435e+01 1.169868825333335991e+02 2.516823120000008203e+02 4.279996948500011058e+02 5.501340331999963382e+02 6.407073364999960177e+02 1.690714079999997921e+01
8.303013922029998639e+01 6.021063537500012899e+02 6.897182617000022447e+02 9.639477160000024014e+01 2.556518758333331789e+02 4.064674988000006124e+02 5.713556518999976106e+02 7.114730225000021164e+02 8.765899280000030558e+01 2.426903382000018610e+02 3.919898223999989568e+02 -2.293836432641983265e+02 -1.092023077642006683e+02 3.750763324999979886e+01 1.823488006799998402e+02 2.463985214499989524e+02 4.338441620000012335e+02 -1.549586554642010015e+02 -3.071433166420001726e+01 1.172041283000007752e+02 2.523881531000006362e+02 4.286090087999982643e+02 5.495571594499997445e+02 6.410690308000048390e+02 1.806663003333339290e+01
8.403013922029998639e+01 6.017994995499975630e+02 6.900403137500034063e+02 9.667133330000069691e+01 2.567996521000022767e+02 4.067833556999976281e+02 5.716886596999975154e+02 7.117886963000055403e+02 8.794481660000019474e+01 2.428078385000007984e+02 3.913751831500012486e+02 -2.295766363141992770e+02 -1.098231573641996874e+02 3.811857220000001689e+01 1.804808502500000031e+02 2.466860047000009217e+02 4.341440125000008265e+02 -1.545362921642008587e+02 -3.087747866419977072e+01 1.177084197999993194e+02 2.538258870666686562e+02 4.292079925500001991e+02 5.489185180999993463e+02 6.416788636000055703e+02 1.920900729999993928e+01
8.503013922029998639e+01 6.014268188499991084e+02 6.911334838999973726e+02 9.731613160000051721e+01 2.570859985999995843e+02 4.070815125000008265e+02 5.719973449500030256e+02 7.123953552499951911e+02 8.825987629999963247e+01 2.433016586499979894e+02 3.907986755499987339e+02 -2.298609686642012093e+02 -1.101461248641999191e+02 3.854347609999967972e+01 1.801386871499998961e+02 2.470185013000009349e+02 4.348178558500003419e+02 -1.542664862642013759e+02 -3.023294746420015144e+01 1.185743294000003516e+02 2.549263154000000213e+02 4.305843302333329916e+02 5.483071899499991559e+02 6.413730163500003982e+02 1.949713704999999209e+01
8.603013922029998639e+01 6.017176514000020688e+02 6.917596436000021640e+02 9.795442960000036692e+01 2.567988586499996018e+02 4.065670165999981691e+02 5.713613586999999825e+02 7.130096436000021640e+02 8.797901920000003884e+01 2.427466430999993463e+02 3.901646881000015128e+02 -2.295859747642025468e+02 -1.095176763641993603e+02 3.899207320000004984e+01 1.804503479000013613e+02 2.452798706400004392e+02 4.354800109999996494e+02 -1.548733282642006088e+02 -2.960828306419989531e+01 1.192310027999992599e+02 2.555331726500007790e+02 4.318203429999994114e+02 5.479988403499955893e+02 6.416843262000038521e+02 1.890605170000003454e+01
8.703013922029998639e+01 6.020256958000027225e+02 6.922023314999969443e+02 9.825762560000021040e+01 2.576552124499976344e+02 4.071386566500004847e+02 5.707656860499992035e+02 7.132966613999960828e+02 8.900255204999939451e+01 2.429728317499975674e+02 3.895366515999994590e+02 -2.293206548642010603e+02 -1.091276617641997291e+02 3.988664503333347966e+01 1.807770156999995379e+02 2.432270126500006882e+02 4.357698364500029129e+02 -1.555294867142001749e+02 -2.978397276420037088e+01 1.195388412499996775e+02 2.561203613000034238e+02 4.320983428999934404e+02 5.477979736999986926e+02 6.420001525999978185e+02 1.822472574999983408e+01
8.803013922029998639e+01 6.015380249000008916e+02 6.928428039499995066e+02 9.774218750000000000e+01 2.585182647999972687e+02 4.077183227999994415e+02 5.695063476749965048e+02 7.126631469999992987e+02 9.025315479999972013e+01 2.427526779500003613e+02 3.889252929499998572e+02 -2.298603277642032481e+02 -1.085273199641997053e+02 4.139054299999997966e+01 1.801661758499994903e+02 2.419075088999998115e+02 4.351916961499991885e+02 -1.561511298141995212e+02 -2.983661561420012731e+01 1.188928490500002226e+02 2.565213623000017833e+02 4.314821625000040513e+02 5.477616577499939012e+02 6.413959961000000476e+02 1.757713035000006130e+01
8.903013922029998639e+01 6.021864929999937885e+02 6.933250122000026749e+02 9.835459139999966283e+01 2.581405538000011006e+02 4.083478394000012486e+02 5.676427815999971926e+02 7.120601501999990433e+02 9.075996020000002318e+01 2.432328338500010432e+02 3.882809906000002229e+02 -2.292461309641985281e+02 -1.072025111975332692e+02 4.202098079999996116e+01 1.796513214000005974e+02 2.406550140999970608e+02 4.346228637499989418e+02 -1.567414618141992833e+02 -2.929080876419993729e+01 1.182693481500009511e+02 2.567376709999989544e+02 4.308410034500047914e+02 5.483033752500050468e+02 6.407848205999980564e+02 1.694396779999988212e+01
9.003013922029998639e+01 6.028150025000068126e+02 6.928183594000001904e+02 9.891759500000080152e+01 2.578029937999999675e+02 4.089760132000010344e+02 5.664706421000009868e+02 7.115286864999943646e+02 9.020571139999992738e+01 2.427269898000013200e+02 3.877550048999983119e+02 -2.287031622641989088e+02 -1.053554246308667643e+02 4.269521144999998796e+01 1.802730026499993983e+02 2.401236724999980652e+02 4.340873413000008441e+02 -1.580774756142000115e+02 -2.989450746420016003e+01 1.176516800499994133e+02 2.565058289000007790e+02 4.302940063999994891e+02 5.477496948000043631e+02 6.394536437749993638e+02 1.642777250000017375e+01
9.103013922029998639e+01 6.032420044000027701e+02 6.932286376999982167e+02 9.915649794999990263e+01 2.583206634999987727e+02 4.094733276999977534e+02 5.661284790499994415e+02 7.119470216000045184e+02 9.084461974999976519e+01 2.432079926000005798e+02 3.882216492000006838e+02 -2.302317419892006001e+02 -1.041963263641991944e+02 4.318865204999974594e+01 1.807901611500001309e+02 2.406180038500024239e+02 4.344930115000024671e+02 -1.593279791642016789e+02 -3.052081976420004139e+01 1.169896774000008008e+02 2.570471649499995692e+02 4.307093200999952387e+02 5.481956786999944597e+02 6.381679688000003807e+02 1.692551800000001094e+01
9.203013922029998639e+01 6.027028198499974678e+02 6.938054809499953990e+02 9.871577459999934945e+01 2.577703247000026749e+02 4.089406585500000801e+02 5.654499817500036443e+02 7.114321899499991559e+02 9.148711399999956484e+01 2.426971588499982317e+02 3.888171539499999199e+02 -2.317326422141995863e+02 -1.036513891892000174e+02 4.266042329999982030e+01 1.802336426000001666e+02 2.421900126333348453e+02 4.351095124000057695e+02 -1.599282904642004723e+02 -3.106796936420050770e+01 1.164673232999994070e+02 2.565126648000004934e+02 4.301831664999990608e+02 5.476741638500025147e+02 6.373576965499996732e+02 1.640626050000014402e+01
9.303013922029998639e+01 6.032180175499961479e+02 6.944320068999950308e+02 9.944896700000026613e+01 2.574175109999996494e+02 4.094519958999990195e+02 5.656903076000016881e+02 7.119060059000039473e+02 9.191480260000025737e+01 2.432036742999989656e+02 3.886546631499986688e+02 -2.326598272641967924e+02 -1.029266119642015838e+02 4.309931950000009238e+01 1.805883179000011296e+02 2.431649933000007877e+02 4.357186890000011772e+02 -1.605813055641992833e+02 -3.147397526419990754e+01 1.161069985000012821e+02 2.561656800000018848e+02 4.307183380499991472e+02 5.482163390999994590e+02 6.380631918333383510e+02 1.515558913333340207e+01
9.403013922029998639e+01 6.030029907499992987e+02 6.950845031499993638e+02 9.920103455000025860e+01 2.567216644500003895e+02 4.091934966999979224e+02 5.663253478999977233e+02 7.134789021999991974e+02 9.141098784999940108e+01 2.429375076500000432e+02 3.879819946499992511e+02 -2.333719855141971493e+02 -1.033682928641992476e+02 4.372354129999985162e+01 1.800524979000001622e+02 2.437968216000008397e+02 4.351855011000006925e+02 -1.611466437142007635e+02 -3.128098206419963390e+01 1.154386558500009414e+02 2.563616943000015453e+02 4.304403381500014802e+02 5.479268188499991084e+02 6.387606812000012724e+02 1.414297390000001542e+01
9.503013922029998639e+01 6.032543334999936633e+02 6.956346436000021640e+02 9.889360060000035446e+01 2.563566588999965461e+02 4.088003234999996494e+02 5.663883667000045534e+02 7.144400025000068126e+02 9.192729190000045492e+01 2.425896759000024758e+02 3.876303406000006362e+02 -2.349856634892003058e+02 -1.030953131641981599e+02 4.435549929999979213e+01 1.805520019499999762e+02 2.443993225000012899e+02 4.355173340000037570e+02 -1.617728033641997172e+02 -3.082334046419964579e+01 1.156713257000010344e+02 2.567530212999990908e+02 4.300903320000070380e+02 5.475939941999968141e+02 6.394375000500003807e+02 1.375298979999979565e+01
9.603013922029998639e+01 6.036296387000038521e+02 6.959304199000034714e+02 9.830412294999950973e+01 2.558100052500012680e+02 4.085695037999976194e+02 5.658270264000020688e+02 7.148876344000018435e+02 9.348208366666706581e+01 2.420308380999995279e+02 3.871020050500010257e+02 -2.367736578641997767e+02 -1.026956549641981837e+02 4.382726670000010927e+01 1.811543273999996018e+02 2.438938369999996212e+02 4.358141631999969832e+02 -1.627094794141994498e+02 -3.051917176420010946e+01 1.161083298000012292e+02 2.573596954499989806e+02 4.295641784499966889e+02 5.470750122000026749e+02 6.393436279000015929e+02 1.322585010000011607e+01
9.703013922029998639e+01 6.039543151999969268e+02 6.967701721999910660e+02 9.799343489999955636e+01 2.555128326499980176e+02 4.091510009999983595e+02 5.656185506333325748e+02 7.155529785499966238e+02 9.436788180000075954e+01 2.413993454000010388e+02 3.864579926000005798e+02 -2.374061651642005017e+02 -1.020834723141997529e+02 4.414969639999981155e+01 1.816326599000021815e+02 2.441826629999995930e+02 4.354763183499962906e+02 -1.636611395142008405e+02 -3.113614566420028495e+01 1.167083206000006612e+02 2.570433196999983920e+02 4.289808349999948405e+02 5.467911682499980088e+02 6.378372436599980801e+02 1.164791244000007353e+01
9.803013922029997218e+01 6.032940063499991084e+02 6.964321594500070205e+02 9.865061190000051283e+01 2.551861572500019975e+02 4.098038482999982079e+02 5.663570861999978661e+02 7.152243347500043456e+02 9.378455355000005511e+01 2.408055038500024239e+02 3.861481781500042416e+02 -2.380268012142005318e+02 -1.024321661642006802e+02 4.445916749999969397e+01 1.819364929000003031e+02 2.448038329999981215e+02 4.351944884999975329e+02 -1.642494879141995625e+02 -3.177847961420002321e+01 1.163898315500009630e+02 2.573496398999996018e+02 4.285775757500014151e+02 5.464456482500027050e+02 6.357834778500036919e+02 1.009287695000011809e+01
9.903013922029997218e+01 6.026606750999999349e+02 6.967269897999940440e+02 9.970955406666689669e+01 2.555143279999974766e+02 4.104640197999979137e+02 5.666010131999937585e+02 7.155020141999993939e+02 9.409168239999962680e+01 2.402796478000018396e+02 3.867743225000012899e+02 -2.386606512642028974e+02 -1.030401679141996283e+02 4.413961220000010144e+01 1.813020019499999762e+02 2.454496765000003506e+02 4.362116699333370775e+02 -1.648739691642003891e+02 -3.236514956420023736e+01 1.166876755000012054e+02 2.579816589999973075e+02 4.287900797666613357e+02 5.467520141999993939e+02 6.351551513500016881e+02 1.036122230000000854e+01
1.000301392202999722e+02 6.020883179000011296e+02 6.971849976000085007e+02 1.008940202000012505e+02 2.558164825999992900e+02 4.107826691499976732e+02 5.672170104999968316e+02 7.157803344999992987e+02 9.443093490000046586e+01 2.404810028499996406e+02 3.872016601999930572e+02 -2.391456671642008587e+02 -1.039904852142008167e+02 4.398416900000029273e+01 1.806570052999995823e+02 2.458756713999973726e+02 4.373113403000024846e+02 -1.654871588141995744e+02 -3.292978576420046011e+01 1.169693336500004079e+02 2.576791534500007401e+02 4.291923827999999048e+02 5.470863038000024972e+02 6.345274658500056830e+02 1.081620030000021870e+01
1.010301392202999722e+02 6.015823364999960177e+02 6.978318481500027701e+02 1.015260085999998410e+02 2.544830055250004079e+02 4.102739868000062415e+02 5.676929931499980739e+02 7.152443236999970395e+02 9.393019099999946775e+01 2.401973343499994371e+02 3.878223418999987189e+02 -2.390018377642009000e+02 -1.049007941142008349e+02 4.390934945000026346e+01 1.800526734000013676e+02 2.464858322500003851e+02 4.377756652999960352e+02 -1.661376715142014291e+02 -3.349631406420030544e+01 1.164706650000007357e+02 2.579623108000014327e+02 4.298118082666672422e+02 5.465723266999993939e+02 6.340366821000061464e+02 1.147429800000008981e+01
1.020301392202999722e+02 6.021871643999984371e+02 6.991738891666658446e+02 1.020379982000013115e+02 2.526327922000006367e+02 4.109326477499998873e+02 5.670663452500011772e+02 7.159121398999996018e+02 9.421879960000023857e+01 2.408216553000020212e+02 3.883480072000020300e+02 -2.392139960142012569e+02 -1.055279913142003352e+02 4.447400854999978037e+01 1.794348297500000626e+02 2.469884872500006168e+02 4.379855041499977233e+02 -1.668177862642005493e+02 -3.332531393086689064e+01 1.170943184500010830e+02 2.582609863500001666e+02 4.307783355500068865e+02 5.467805176000038045e+02 6.346621399499999825e+02 1.198052555000003849e+01
1.030301392202999722e+02 6.027963256999937585e+02 7.003189696999907028e+02 1.015003432999983488e+02 2.515153350999971735e+02 4.114796752999973251e+02 5.664786987999978010e+02 7.164131469999992987e+02 9.398812104999979056e+01 2.412616577000007965e+02 3.878370055999985198e+02 -2.385656500641998718e+02 -1.061319952642006683e+02 4.378838919999998325e+01 1.789106749999991735e+02 2.464563141000035102e+02 4.377270051000014064e+02 -1.673596564641993609e+02 -3.354248721419980939e+01 1.175983200000009674e+02 2.576304931999984547e+02 4.302143249999935506e+02 5.460901795000027050e+02 6.352346191999968141e+02 1.147221760000002178e+01
1.040301392202999722e+02 6.032570190999977058e+02 7.007056884999910835e+02 1.019380111999998917e+02 2.519820099999997183e+02 4.111418304499966325e+02 5.659614461333306963e+02 7.157793273999996018e+02 9.464048770000044897e+01 2.419403381500014802e+02 3.881873169000027701e+02 -2.383497992142001749e+02 -1.064346686141998362e+02 4.317477605000021867e+01 1.785771636999998009e+02 2.468933258000033675e+02 4.383663329999981215e+02 -1.676953192142009357e+02 -3.292063056420010980e+01 1.170666504000000714e+02 2.571419983000014327e+02 4.298251800500001991e+02 5.457203369000053499e+02 6.356779784999962430e+02 1.208415610000020024e+01
1.050301392202999722e+02 6.027461548499995843e+02 7.013823242000071332e+02 1.014014816500002780e+02 2.508270161999995764e+02 4.113146667999972124e+02 5.653106689999985974e+02 7.152193604000058258e+02 9.503831480000008014e+01 2.416651687999983551e+02 3.888028259499988053e+02 -2.388083258642000146e+02 -1.085171270842009079e+02 4.273207480000019132e+01 1.779116821500028891e+02 2.480876617666678214e+02 4.387569885999982944e+02 -1.683648139141987485e+02 -3.249362856419975287e+01 1.172164878999992652e+02 2.575220031999997445e+02 4.300213318000023719e+02 5.462799988000042504e+02 6.351839904500011471e+02 1.267816829999992478e+01
1.060301392202999722e+02 6.032271728499981691e+02 7.019686890000011772e+02 1.019093399499997759e+02 2.506720123999984935e+02 4.119453125000000000e+02 5.657142944999941392e+02 7.148726807000057306e+02 9.587626903333330119e+01 2.411758423499995843e+02 3.894576721000048565e+02 -2.381306524641986471e+02 -1.101888189641995268e+02 4.312870409999959520e+01 1.781236724999980652e+02 2.494203262999981234e+02 4.394378357000023243e+02 -1.689306403141981718e+02 -3.184583196419998785e+01 1.168596649999999499e+02 2.570721893499976431e+02 4.306741637999948580e+02 5.469123535999970045e+02 6.357075195500001428e+02 1.313010410000015327e+01
1.070301392202999722e+02 6.038359985999995843e+02 7.039420532199961826e+02 1.035035528000007616e+02 2.512718506000019261e+02 4.116791687000004458e+02 5.651656799000047613e+02 7.142161865000016405e+02 9.644357806666812394e+01 2.404686889999975392e+02 3.884658813666658830e+02 -2.383691473641993070e+02 -1.108826361142000678e+02 4.366180045000010068e+01 1.787624969499993313e+02 2.500323333999986062e+02 4.391840057500012335e+02 -1.695586309642003471e+02 -3.214350036420000833e+01 1.174238281500001904e+02 2.558232269666671925e+02 4.304349975500008441e+02 5.458201090666698292e+02 6.354911499000008916e+02 1.374436809999997422e+01
1.080301392202999722e+02 6.044989929500006838e+02 7.056686401999904774e+02 1.044066696000008960e+02 2.512953490999971109e+02 4.119133301999972900e+02 5.654696656000014627e+02 7.144603271999949357e+02 9.694239044999994803e+01 2.401593474999972386e+02 3.882286529500051984e+02 -2.386999884641991230e+02 -1.112159796642008587e+02 4.372614290000001347e+01 1.793846588000014890e+02 2.512265573999999617e+02 4.388146972999966238e+02 -1.693239508642000146e+02 -3.246066946419978194e+01 1.180583344000006036e+02 2.557259827000016230e+02 4.300523376000055578e+02 5.456936645999958273e+02 6.357709961000073235e+02 1.436906719999979032e+01
1.090301392202999722e+02 6.044583129999955418e+02 7.061023559999885038e+02 1.048353347999982361e+02 2.512929153500008397e+02 4.123116759999975329e+02 5.658116760999982944e+02 7.139636840500024846e+02 9.669538884999928996e+01 2.395685043500016036e+02 3.886123351999995066e+02 -2.392936469142005080e+02 -1.118060064641995268e+02 4.322174834999987070e+01 1.797673339999964810e+02 2.523583374000008916e+02 4.382945098499985761e+02 -1.689563360641986947e+02 -3.298413756420040954e+01 1.187218437499996071e+02 2.551993255499983206e+02 4.294954427333383933e+02 5.451640014500007965e+02 6.349046630999946501e+02 1.476613330000009228e+01
1.100301392202999722e+02 6.042709961000000476e+02 7.067523498999944422e+02 1.055018310499999643e+02 2.517116546999968705e+02 4.126198425500042504e+02 5.651906738499965286e+02 7.142563476999930572e+02 9.697716520000176388e+01 2.389078369000017119e+02 3.892458495999962906e+02 -2.399299994141983916e+02 -1.120913153142009833e+02 4.296801374999995460e+01 1.803945084000006318e+02 2.529974975500008441e+02 4.380079955999972299e+02 -1.686291571141991881e+02 -3.329611881419987185e+01 1.193536835000013525e+02 2.555683289000007790e+02 4.299614970000014296e+02 5.455059814999985974e+02 6.339651793999946676e+02 1.537309079999999994e+01
1.110301392202999722e+02 6.056213379333299827e+02 7.073883057000057306e+02 1.060963287000013224e+02 2.523494796500017401e+02 4.119751739999992424e+02 5.645631714000046486e+02 7.148739624000008916e+02 9.647381974999916565e+01 2.382403488499985542e+02 3.889235076999975718e+02 -2.405001593142005731e+02 -1.124073248641998362e+02 4.359909059999972669e+01 1.801250000000000000e+02 2.536219940000009956e+02 4.376855163500003982e+02 -1.692648382641982607e+02 -3.266098696419976477e+01 1.188136826000009023e+02 2.558416519500024151e+02 4.310888214500009781e+02 5.458493042499976582e+02 6.333521728999985498e+02 1.506486509999990631e+01
1.120301392202999722e+02 6.067630004999955418e+02 7.080140075499948580e+02 1.066966781500013894e+02 2.530199738000010257e+02 4.113834991999974591e+02 5.639428406000006362e+02 7.155126342999865301e+02 9.675957489999927930e+01 2.376426925999985542e+02 3.891656799000047613e+02 -2.418238898142008111e+02 -1.121139898641995387e+02 4.423908994999965216e+01 1.804186706999971648e+02 2.542338409500007401e+02 4.379736634000000777e+02 -1.695856390642002225e+02 -3.206296451419984805e+01 1.191440125000008265e+02 2.542928131399996232e+02 4.317806701999943471e+02 5.452024841499951435e+02 6.329908141999985673e+02 1.537543490000007296e+01
1.130301392202999722e+02 6.070545044500031509e+02 7.076770019500108901e+02 1.064041786500001763e+02 2.533024979000001622e+02 4.108126678499975242e+02 5.633003234999996494e+02 7.158276672499923734e+02 9.740630339999916032e+01 2.370601882999981171e+02 3.896016540999989957e+02 -2.433106451642015600e+02 -1.117794867142001749e+02 4.404965970000012021e+01 1.807020035499990627e+02 2.539626618000002054e+02 4.382831573500006925e+02 -1.698668280142010190e+02 -3.240448671420017490e+01 1.194863471999997273e+02 2.524111709999997402e+02 4.320924987999969744e+02 5.434522095200023841e+02 6.328233031999989180e+02 1.570621874999983447e+01
1.140301392202999722e+02 6.064228210500004934e+02 7.079890137999900617e+02 1.067276764000016556e+02 2.527830048000032548e+02 4.094683303999991040e+02 5.627656860999995843e+02 7.153576659999962430e+02 9.808256529999925988e+01 2.364148483499993745e+02 3.902401580500009004e+02 -2.439372931141988374e+02 -1.124317999641989445e+02 4.396399689999998373e+01 1.801969909999970696e+02 2.542756653000033111e+02 4.376550140500039561e+02 -1.695343389642002876e+02 -3.212430486419998488e+01 1.189713516000010713e+02 2.514295043999991321e+02 4.315899963999981992e+02 5.409338989399984712e+02 6.327803344999992987e+02 1.516294770000013159e+01
1.150301392202999722e+02 6.057878418000036618e+02 7.083076782000134699e+02 1.070615005500003463e+02 2.530433197499987727e+02 4.076116638666620133e+02 5.630260009999983595e+02 7.170711304199940059e+02 9.849503330000152346e+01 2.356705933000012010e+02 3.907580108999973163e+02 -2.444974737642005493e+02 -1.130463019142007397e+02 4.448652459999993880e+01 1.804794922000000952e+02 2.546013336500000150e+02 4.371213378999964334e+02 -1.692441473641993070e+02 -3.179663756419995480e+01 1.196053276000002370e+02 2.508126754500008246e+02 4.318267822499983595e+02 5.397666870199988125e+02 6.333136596999975154e+02 1.540991785000005621e+01
1.160301392202999722e+02 6.052340088000055403e+02 7.077890015000011772e+02 1.065646515000007639e+02 2.527568206500000088e+02 4.064506530999933602e+02 5.627619935000038822e+02 7.190963134999910835e+02 9.908641435000026831e+01 2.362050222000010251e+02 3.902490235000004759e+02 -2.450186529642014648e+02 -1.135829840641999908e+02 4.390055860000029497e+01 1.802098312500020256e+02 2.540826568999982555e+02 4.377245025500014890e+02 -1.698293219642000622e+02 -3.228098206420054339e+01 1.201194801000001462e+02 2.501505126999982167e+02 4.328520203999942169e+02 5.377586670000018785e+02 6.326806640999930096e+02 1.515516905000004044e+01
1.170301392202999722e+02 6.056979981000040425e+02 7.084136657999915769e+02 1.069850006000015128e+02 2.532654953000019304e+02 4.061275024499991559e+02 5.633064880499950959e+02 7.194886474999948405e+02 9.952987290000055509e+01 2.371343230999991647e+02 3.909148254499959876e+02 -2.443443213141981687e+02 -1.131486578641997767e+02 4.437287520000063523e+01 1.808683319999981904e+02 2.545076599000021815e+02 4.384153136999957496e+02 -1.693876714642028674e+02 -3.182199766420035303e+01 1.194811477500006731e+02 2.496623229999968316e+02 4.332066650000051595e+02 5.374035034499975154e+02 6.320678405999933602e+02 1.584439560000009806e+01
1.180301392202999722e+02 6.051820068499946501e+02 7.090189819000079297e+02 1.075806770500003040e+02 2.527360076999975718e+02 4.053945313000003807e+02 5.627846679999929620e+02 7.188838500999991084e+02 9.925058745000023919e+01 2.375526581000012811e+02 3.915196532999980263e+02 -2.472290640642004291e+02 -1.125409612641997228e+02 4.386807824999959848e+01 1.812790069999973639e+02 2.550881577000000107e+02 4.379508056999984547e+02 -1.687652960641971731e+02 -3.118814756419988043e+01 1.189379884000009042e+02 2.478230041799994012e+02 4.338279877000022680e+02 5.367496643999984371e+02 6.315446778000041377e+02 1.627742769999986194e+01
1.190301392202999722e+02 6.057059937000012724e+02 7.094390259000065271e+02 1.081860123000005842e+02 2.531936646000031033e+02 4.026260201857159018e+02 5.632223511000047438e+02 7.194250182999967365e+02 9.858842850000110047e+01 2.382099914999998873e+02 3.911479798000000301e+02 -2.510717001642005926e+02 -1.119142828641997767e+02 4.439142989999982092e+01 1.819146652499985066e+02 2.556553191999992123e+02 4.373890075500021339e+02 -1.681163092642018455e+02 -3.055533506420033518e+01 1.176850739000001340e+02 2.452176704499997868e+02 4.344433289000007790e+02 5.361668091000028653e+02 6.319893188000132795e+02 1.694310189999987415e+01
1.200301392202999722e+02 6.054346618999989005e+02 7.089191895000112709e+02 1.088184967000015604e+02 2.537646561000001384e+02 4.001540374999967753e+02 5.652078125400003046e+02 7.192044982999941567e+02 9.794289014999958454e+01 2.379411620999999286e+02 3.913229675000038696e+02 -2.530156419308647457e+02 -1.112432928642010665e+02 4.504670719999921857e+01 1.825223236000019824e+02 2.562911377000018547e+02 4.366626739999992424e+02 -1.686453009142023802e+02 -2.993332581420008864e+01 1.163856658999993670e+02 2.432558899333331794e+02 4.350378112999969744e+02 5.363209839000046486e+02 6.314609985999995843e+02 1.666270164999991721e+01
1.210301392202999722e+02 6.048616638500025147e+02 7.092493286000099033e+02 1.086429939499994362e+02 2.538376617999965674e+02 3.992165222499970696e+02 5.669769897999940440e+02 7.186271362499974202e+02 9.816880039999887231e+01 2.375973357999973814e+02 3.908293152000042028e+02 -2.537873297641999670e+02 -1.105823126641989802e+02 4.569554719999996450e+01 1.831529922500012617e+02 2.569049683999983245e+02 4.369043273999996018e+02 -1.683149786642024992e+02 -2.930564026419961010e+01 1.157660065000000031e+02 2.425316620000012335e+02 4.356529846000048565e+02 5.367686767999985022e+02 6.319773559500026749e+02 1.632129669999994803e+01
1.220301392202999722e+02 6.050383300999965286e+02 7.095578308500116691e+02 1.081366654000012204e+02 2.532531662000001234e+02 3.982515106499995454e+02 5.664238281500001904e+02 7.184028930500062415e+02 9.858519750000050408e+01 2.370301818500010995e+02 3.911576842999929795e+02 -2.543124610142003803e+02 -1.111547919142012688e+02 4.564732360000016342e+01 1.837689820000014151e+02 2.574949951500020688e+02 4.363958282500025234e+02 -1.680631475642003352e+02 -2.889633856420005031e+01 1.151631698500004859e+02 2.420076599499989243e+02 4.351753234999996494e+02 5.370195007500005886e+02 6.319373170000035316e+02 1.577545645000009245e+01
1.230301392202999722e+02 6.055123291000054451e+02 7.089503174499986926e+02 1.075929908999987674e+02 2.526326752000022680e+02 3.979674682499971823e+02 5.667696532999980263e+02 7.190371094000001904e+02 9.798438118000049712e+01 2.363901824999993551e+02 3.917961578499962343e+02 -2.549371252642013133e+02 -1.108353033642015362e+02 4.516514590000042517e+01 1.842333374000008916e+02 2.581520080999980564e+02 4.367130126999982167e+02 -1.687209845142024278e+02 -2.828031071419991349e+01 1.154686737000010908e+02 2.418035635000002515e+02 4.354893188999994891e+02 5.363945007500005886e+02 6.317555237500055227e+02 1.517139580000002752e+01
1.240301392202999722e+02 6.058201599500025623e+02 7.083511657500057481e+02 1.060913391199988780e+02 2.523061523500000476e+02 3.986059570999932475e+02 5.670426635500043631e+02 7.198455199999880278e+02 9.644822314999873925e+01 2.358131790500010538e+02 3.914488220499988529e+02 -2.555446387142001186e+02 -1.105442877141995268e+02 4.453624345000025642e+01 1.845094909500003268e+02 2.585899657999980263e+02 4.370096436000021640e+02 -1.693443060641984630e+02 -2.858280086420018051e+01 1.157776641999989806e+02 2.397033538799994972e+02 4.358304901500014239e+02 5.357851868500001729e+02 6.314190063499991084e+02 1.451673699999992095e+01
1.250301392202999722e+02 6.051954956000045058e+02 7.077273254500032635e+02 1.045168495499983692e+02 2.529303131999986363e+02 3.982608185000026424e+02 5.665330200000025798e+02 7.204849853999912739e+02 9.580611045000114245e+01 2.355046691999996256e+02 3.917403259999991860e+02 -2.561403113142005168e+02 -1.108384772141998837e+02 4.390320204999989073e+01 1.842003479500017420e+02 2.592862040333323534e+02 4.363984832999994978e+02 -1.699564886642001511e+02 -2.831363586420047795e+01 1.151888389499999903e+02 2.377143250000008265e+02 4.355633240000024671e+02 5.353003540000063367e+02 6.317103272000094876e+02 1.419604875000004540e+01
1.260301392202999722e+02 6.048783264500016230e+02 7.071270141999993939e+02 1.040430144999991171e+02 2.540868784666648423e+02 3.952021128666650043e+02 5.666012166666672556e+02 7.208034973999892827e+02 9.516294860000016342e+01 2.353463439999977709e+02 3.921229858000006061e+02 -2.567336493141992833e+02 -1.102246466641990992e+02 4.328523634999964997e+01 1.848243407999980263e+02 2.589095230250022723e+02 4.357740173499987577e+02 -1.705965033142019820e+02 -2.788333806419996108e+01 1.145676765499993053e+02 2.384070129499996256e+02 4.361829833999945549e+02 5.355383300999965286e+02 6.328884684666603562e+02 1.402987480000001597e+01
1.270301392202999722e+02 6.055032958999945549e+02 7.077734985999995843e+02 1.040045090000003256e+02 2.552296905999974115e+02 3.926963348499994026e+02 5.666746826000016881e+02 7.201799926999956369e+02 9.546041110000078334e+01 2.353110199000002467e+02 3.927804871000043931e+02 -2.572559881642009714e+02 -1.098256597641993721e+02 4.277976610000041546e+01 1.852543335000009392e+02 2.586074015333336433e+02 4.351406860499992035e+02 -1.722740362641998217e+02 -2.728415586420032923e+01 1.139090042000007088e+02 2.390243530000007013e+02 4.365580138999939663e+02 5.352603149499991559e+02 6.340544129000045359e+02 1.393995384999993803e+01
1.280301392202999580e+02 6.058101501999990433e+02 7.084176636000047438e+02 1.045453491499993106e+02 2.554288330499985022e+02 3.921336670000018785e+02 5.670883178999938536e+02 7.195441589499969268e+02 9.576431655000124010e+01 2.358108216000000539e+02 3.934349975999939488e+02 -2.568089666641972144e+02 -1.091983099641984154e+02 4.340983585000049061e+01 1.859088210999980220e+02 2.595693360000004759e+02 4.345368347499970696e+02 -1.744773321308675804e+02 -2.677197936420043334e+01 1.133389969000018027e+02 2.393374328750014683e+02 4.367358399000004283e+02 5.357898254999963683e+02 6.343020019999967190e+02 1.456404500000007829e+01
1.290301392202999580e+02 6.052793578999990132e+02 7.090151672500069253e+02 1.040456771999997727e+02 2.552148132000002079e+02 3.905993347500043456e+02 5.677379761000047438e+02 7.190059813999978360e+02 9.509988019999946118e+01 2.352194900499998766e+02 3.940598602500031120e+02 -2.573669653642027697e+02 -1.085599737642005493e+02 4.395323180000013963e+01 1.865129853000034927e+02 2.602280121000003419e+02 4.340090026999969268e+02 -1.783963496278354910e+02 -2.734433646419984143e+01 1.139636573499992664e+02 2.402669830000013462e+02 4.364770050500010257e+02 5.352510375999991084e+02 6.340595092999865301e+02 1.517808014999991428e+01
1.300301392202999580e+02 6.057186890000011772e+02 7.095076599500025623e+02 1.045133438000011665e+02 2.556896591499971692e+02 3.905028992000006838e+02 5.684390259000065271e+02 7.194476318999950308e+02 9.450647360000039043e+01 2.347213287999984459e+02 3.946903687000012724e+02 -2.568533087141986471e+02 -1.079339972142006445e+02 4.417845535000014934e+01 1.869266664000024321e+02 2.608710022000013851e+02 4.344293518000049517e+02 -1.828633184642021661e+02 -2.692264466420056124e+01 1.145783234000009543e+02 2.406779938000036054e+02 4.370116577500011772e+02 5.348984985499992035e+02 6.347046509000065271e+02 1.568867829999999230e+01
