# r	vx_0	vx_1	vx_2	vx_3	vx_4	vx_5	vx_6	vx_7	vx_8	vx_9	vx_10	vx_11	vx_12	vx_13	vx_14	vx_15	vx_16	vx_17	vx_18	vx_19	vx_20	vx_21	vx_22	
2.030139220299999714e+00 1.399520416000000350e-02 2.901586457999999480e-02 2.847099912999999718e-02 2.627820740999996935e-02 3.575709287284003363e-02 2.650090101999999156e-02 3.098280030999999227e-02 2.875962829000001247e-02 2.126242675999998402e-02 3.374443121284002867e-02 3.040550451999999432e-02 3.211764068999999749e-02 2.348642577000000647e-02 2.500453798000000852e-02 3.041823118999998146e-02 3.234536422284001872e-02 2.850513151999998704e-02 2.395435790666667827e-02 2.679594116333334011e-02 8.743835450000006157e-03 2.696164551999997994e-02 3.503521633284001346e-02 3.101879501999999303e-02
3.030139220299999714e+00 1.435897777000000146e-02 2.887785541000000705e-02 2.849696654999999204e-02 2.618733522000001035e-02 3.580898726284001410e-02 2.618360848333329757e-02 3.133016561666668309e-02 2.851010132999999905e-02 2.149689940000000521e-02 3.368731833284000637e-02 3.032604665999999102e-02 3.215039978000001214e-02 2.336439209999998518e-02 2.517397461999999059e-02 3.033636472000002943e-02 3.225923139283998209e-02 2.839155935333333158e-02 2.434890239666666345e-02 2.650284116999998899e-02 8.981195079999997055e-03 2.700843506000003350e-02 3.500976315283998996e-02 3.099479446000000249e-02
4.030139220299998826e+00 1.463752744000003034e-02 2.866880187999997984e-02 2.849826659999998846e-02 2.620820312000005439e-02 3.574303267283990282e-02 2.605696258000011686e-02 3.150872801999991812e-02 2.866900331000001717e-02 2.133926085000002748e-02 3.369497549283996529e-02 3.028269616000000761e-02 3.227296446999999846e-02 2.325123290999997483e-02 2.520726930000000837e-02 3.015351155333335226e-02 3.236294943950665526e-02 2.828672637999998102e-02 2.451520995999999231e-02 2.644263306000002589e-02 9.006701670000007501e-03 2.705219725000004155e-02 3.500879501283989115e-02 3.100106352000004881e-02
5.030139220299998826e+00 1.482173308999990696e-02 2.850730132999999486e-02 2.849743042000000073e-02 2.618846739999999146e-02 3.556499464283997131e-02 2.626550293000000369e-02 3.143413086000004797e-02 2.873563537999996101e-02 2.126796263999999534e-02 3.374774649284002087e-02 3.030385702999999556e-02 3.238896485000001407e-02 2.313426514000000225e-02 2.537126768999999060e-02 2.978359984999997406e-02 3.253806135284000728e-02 2.831893464000000832e-02 2.450606994000002065e-02 2.656293028999993922e-02 8.825537110000005250e-03 2.705106200999998767e-02 3.506459867284002219e-02 3.093779526000002902e-02
6.030139220299998826e+00 1.525908538600001529e-02 2.849462890799998177e-02 2.831831786600006243e-02 2.593596801999997412e-02 3.549745123284001047e-02 2.660062447500003910e-02 3.116661683499990024e-02 2.875110166000004186e-02 2.124656677999992027e-02 3.375613871284008360e-02 3.050082674000000396e-02 3.226016846000004379e-02 2.325696410999994468e-02 2.524536742999994310e-02 2.971766358000013653e-02 3.253666593283994352e-02 2.851203536999997665e-02 2.450633545000000663e-02 2.657369383999994006e-02 8.660400400000071650e-03 2.719356689999995191e-02 3.506899623284007173e-02 3.074116745999997541e-02
7.030139220299998826e+00 1.570326080000013572e-02 2.829366911999988896e-02 2.832156067000005453e-02 2.587940369999996645e-02 3.531410962283998423e-02 2.657678680000008162e-02 3.122365977333326978e-02 2.889450886666669605e-02 2.112226561999996227e-02 3.387950031284003849e-02 3.031686333999999636e-02 3.226152955000002182e-02 2.343796997999997994e-02 2.506130370000000940e-02 2.975540160999998879e-02 3.249925671283999951e-02 2.851393434000003627e-02 2.468503417999991234e-02 2.662113036999999224e-02 8.504638670000031278e-03 2.736813354999999282e-02 3.482825910283991050e-02 3.080916595000012317e-02
8.030139220299998826e+00 1.576416473999997861e-02 2.827773132000004422e-02 2.850307006000002766e-02 2.571480105999999002e-02 3.524924754283993017e-02 2.650784454000013404e-02 3.154929962999997173e-02 2.870366819999999389e-02 2.125530395999994729e-02 3.374227411283998307e-02 3.029822102000002265e-02 3.221832581999996975e-02 2.350320432000007828e-02 2.499893189999984403e-02 2.974550170000011401e-02 3.256516477283996625e-02 2.849880142000001809e-02 2.488153075999998548e-02 2.657303467000001612e-02 8.570031740000013179e-03 2.717453612999997867e-02 3.481299269283990444e-02 3.097348633000008081e-02
9.030139220299998826e+00 1.562947236000018086e-02 2.821546781999979825e-02 2.850939637000010282e-02 2.578563537999989386e-02 3.517723599283999886e-02 2.650895616000016261e-02 3.162780455999993773e-02 2.868809813999996516e-02 2.144153442999995746e-02 3.355926229284002943e-02 3.023153495999998663e-02 3.228912963000002412e-02 2.346703493999994020e-02 2.501152952000011351e-02 2.970167235999997615e-02 3.279919263283993802e-02 2.825839843999997450e-02 2.516162822000004434e-02 2.646311238000004229e-02 8.635729979999996059e-03 2.701506958999998556e-02 3.488537172283995291e-02 3.089170176000000101e-02
1.003013922029999883e+01 1.581756896000006268e-02 2.796083983999999439e-02 2.853265991000007371e-02 2.600092773000014720e-02 3.498589003283995857e-02 2.650770874000009034e-02 3.184707030999982258e-02 2.866007081000006979e-02 2.149986571999979931e-02 3.352164050284011515e-02 3.013443690000000216e-02 3.237651366000002251e-02 2.322546691999996180e-02 2.510156860999995798e-02 2.965056152000006620e-02 3.284819929283998990e-02 2.816699981999997923e-02 2.567238311000005421e-02 2.617245330999989905e-02 8.503094480000071911e-03 2.717546997000008444e-02 3.499432814284009208e-02 3.050013121999984450e-02
1.103013922029999883e+01 1.600806578999963703e-02 2.771616974000028211e-02 2.875693055000010795e-02 2.584073485999997463e-02 3.500435849283985851e-02 2.650160293999997627e-02 3.200546875000011282e-02 2.841929626999999473e-02 2.164480183333337276e-02 3.360604693950665356e-02 3.033088474999998466e-02 3.217986451000010711e-02 2.301653441999988031e-02 2.532433471000003836e-02 2.934111328333322000e-02 3.315611096950676906e-02 2.800117187999992541e-02 2.593116454000014490e-02 2.607473146000002101e-02 8.581660963333161141e-03 2.708470864666669489e-02 3.484249098284017410e-02 3.051060180999986757e-02
1.203013922029999883e+01 1.598863370999970349e-02 2.749160158000015647e-02 2.875969542000020654e-02 2.600364075999987007e-02 3.501404858284003913e-02 2.649654388999988369e-02 3.200656585000008492e-02 2.824583131000008365e-02 2.200119627999993013e-02 3.324758722284000545e-02 3.051701525999999873e-02 3.199513398000003450e-02 2.324266356999996758e-02 2.531879884000009032e-02 2.886886799333322068e-02 3.367916420950668732e-02 2.790626906000002322e-02 2.577476502999997976e-02 2.622756346999995103e-02 8.763238529999944557e-03 2.674020385000003275e-02 3.500545332284018402e-02 3.060356597999982706e-02
1.303013922029999705e+01 1.576686095000004451e-02 2.748986818000014390e-02 2.873087157999998364e-02 2.602766723999993745e-02 3.500077153284000819e-02 2.649925575000015507e-02 3.197336272999985046e-02 2.828999633999992533e-02 2.213583985000004695e-02 3.311143627284002244e-02 3.047419435000001467e-02 3.200506895999997298e-02 2.328446046000008304e-02 2.527503051999992895e-02 2.869597167999982101e-02 3.405312939284015072e-02 2.770466613999997274e-02 2.580700072000017761e-02 2.621962890999984808e-02 8.795703129999856568e-03 2.671793825000022549e-02 3.497898998283963112e-02 3.078606872000038894e-02
1.403013922029999705e+01 1.575143431999968119e-02 2.726613159000000966e-02 2.877103271000005374e-02 2.621480104000002004e-02 3.499960919283985616e-02 2.650412140000044103e-02 3.196542663999964867e-02 2.829320373000000430e-02 2.211523438999993263e-02 3.312770329284007997e-02 3.029255866000001018e-02 3.201127014000003379e-02 2.325036011000002067e-02 2.544177245999990067e-02 2.852578124999999992e-02 3.427528135284003269e-02 2.751333084000007201e-02 2.598349914999998830e-02 2.624137266999987395e-02 8.789099140000143293e-03 2.670903319999979458e-02 3.479705945284004148e-02 3.098569946000009206e-02
1.503013922029999705e+01 1.574250181999996279e-02 2.723822631999994401e-02 2.899380493999979130e-02 2.603540038000010104e-02 3.499137479284036151e-02 2.651122057999964407e-02 3.201273192000009954e-02 2.846570128999992288e-02 2.202010193000005639e-02 3.300063381283994263e-02 3.024969407000000984e-02 3.201723327000004227e-02 2.358644562499994171e-02 2.552501984000000307e-02 2.814123229500018961e-02 3.426276916283980262e-02 2.749849622999999896e-02 2.599443054999992300e-02 2.641107177000012740e-02 8.845501700000021894e-03 2.666486207999987576e-02 3.481736431284006977e-02 3.101863250999997365e-02
1.603013922029999705e+01 1.556486714666705136e-02 2.729442748999974869e-02 2.900690611999998461e-02 2.613470867000003070e-02 3.487897639283994711e-02 2.651440925999995826e-02 3.200860137000002131e-02 2.848779907000007286e-02 2.199803467000001692e-02 3.301405040283998671e-02 3.018427553999997182e-02 3.202127379000007518e-02 2.379706116999995985e-02 2.563908793333332520e-02 2.764810994666647842e-02 3.424866925284016095e-02 2.732539418000000039e-02 2.635293375999996079e-02 2.650239867999989660e-02 8.825140380000083898e-03 2.667388917000025617e-02 3.480847074283956177e-02 3.101310043000032532e-02
1.703013922029999705e+01 1.548753358000030944e-02 2.728779601999979307e-02 2.896097107000004944e-02 2.625236512999963578e-02 3.476255093284016939e-02 2.655551376000039529e-02 3.201093443999982607e-02 2.848753051999992902e-02 2.195759887999993235e-02 3.300438597283996550e-02 3.024247816000003725e-02 3.202080690000002478e-02 2.378519285999991517e-02 2.583859864000005377e-02 2.738919677999983662e-02 3.421349965284011668e-02 2.729856833999999566e-02 2.649639891999995556e-02 2.650806885999991078e-02 8.786462400000163292e-03 2.669693604000021939e-02 3.479506361284002286e-02 3.120756530999981362e-02
1.803013922029999705e+01 1.550280153999992680e-02 2.724269712999978152e-02 2.883643492999999475e-02 2.660516356999996848e-02 3.439560034284004642e-02 2.675446510000001679e-02 3.200592957999999488e-02 2.848777159000001266e-02 2.203620300999991830e-02 3.300524959284009685e-02 3.011887436999999279e-02 3.223570098999998385e-02 2.362320252000008752e-02 2.600493163999999593e-02 2.738016356000007312e-02 3.404074004283986349e-02 2.747369613000000613e-02 2.631923217999992612e-02 2.649525756000002674e-02 8.803509529999973757e-03 2.667988891000004636e-02 3.482440321284011736e-02 3.139286803999986886e-02
1.903013922029999705e+01 1.551849976000048599e-02 2.723603361999978392e-02 2.875716247999989678e-02 2.673443298000020146e-02 3.426328986283988520e-02 2.727859076999986782e-02 3.174201660000008224e-02 2.848887024000014076e-02 2.201303709999956337e-02 3.324994562484030053e-02 3.011606830800002410e-02 3.190217589999980868e-02 2.399266724000008108e-02 2.582323852000008649e-02 2.719143066000033124e-02 3.399659559283966376e-02 2.751500246000005215e-02 2.631199644999996853e-02 2.643580017000003723e-02 9.246506343999908242e-03 2.623842408599971407e-02 3.501613217284029606e-02 3.126846998999992938e-02
2.003013922029999705e+01 1.550203399999991287e-02 2.696012013333354274e-02 2.904274698666662116e-02 2.661443481999976879e-02 3.439230939284024929e-02 2.752068023000028840e-02 3.130066528999980030e-02 2.848820191999984833e-02 2.201314084000041346e-02 3.368896162283967904e-02 2.980236053000005422e-02 3.177680359999995180e-02 2.443309021000004619e-02 2.563037719000003586e-02 2.694549560999985258e-02 3.399909879284006980e-02 2.758086776999998588e-02 2.642169800000001428e-02 2.644573059000012924e-02 9.499169919999803785e-03 2.580599975000040860e-02 3.500632765283953618e-02 3.126500244000019607e-02
2.103013922029999705e+01 1.549760129999922312e-02 2.679853210000058064e-02 2.920993651999997248e-02 2.673136598000019210e-02 3.427496243284004068e-02 2.751473007999957060e-02 3.124086608000036305e-02 2.849556886000009434e-02 2.201196593999957263e-02 3.374687653284029476e-02 2.974295178000000914e-02 3.177003021999989796e-02 2.450439451999991344e-02 2.579040528000041410e-02 2.670974119999955376e-02 3.400439131284022087e-02 2.776466826999994877e-02 2.640433047000015007e-02 2.634526975999979329e-02 9.497058100000141043e-03 2.575540771999985587e-02 3.498876248283995516e-02 3.145366439000010783e-02
2.203013922029999705e+01 1.549583586999942787e-02 2.651776367200027462e-02 2.946367552799995446e-02 2.689122315999993573e-02 3.414780142283998371e-02 2.750299644000042329e-02 3.143863830999982928e-02 2.840952147999978306e-02 2.205653076000005375e-02 3.360696641284002806e-02 2.985483914000000571e-02 3.162453002000002039e-02 2.452983092999966308e-02 2.572564392000022127e-02 2.677759399000024035e-02 3.400246488283981128e-02 2.785679550999989318e-02 2.636583862000006773e-02 2.629006346999995108e-02 9.498529070000222979e-03 2.584849851999970402e-02 3.499833663284007690e-02 3.151032562000020965e-02
2.303013922029999705e+01 1.547686768999919846e-02 2.599587096000052430e-02 2.974886475000021110e-02 2.713172609000030072e-02 3.414535121283988894e-02 2.750065231999979098e-02 3.152660218000002956e-02 2.830549315000007587e-02 2.205016785000025320e-02 3.341621565950631673e-02 3.007584807333331042e-02 3.138450011999993627e-02 2.491389465000011169e-02 2.536543884999991824e-02 2.700570067999978965e-02 3.398386213284031870e-02 2.776213226999989236e-02 2.624000549000011367e-02 2.650751951999991488e-02 9.501940920000197938e-03 2.574543457999970905e-02 3.509566251284013810e-02 3.149949264000008464e-02
2.403013922029999705e+01 1.521737059000006359e-02 2.600436401999979899e-02 2.974003295000020308e-02 2.733733519999987163e-02 3.401276878284006933e-02 2.749962882000036093e-02 3.168540038999947267e-02 2.831759644000012358e-02 2.208013101999979286e-02 3.309952615284011967e-02 3.032286950000004713e-02 3.120276947000011347e-02 2.530800171000009702e-02 2.519430235999970888e-02 2.701383056999984503e-02 3.380813124284015592e-02 2.769879455000009288e-02 2.630624085999988884e-02 2.650556639000024167e-02 9.501428219999797156e-03 2.569569702000007796e-02 3.530119765283998290e-02 3.150629881999995885e-02
2.503013922029999350e+01 1.498753662000090053e-02 2.600626525999962316e-02 2.974346922999975343e-02 2.760016480000012859e-02 3.391931134284022903e-02 2.750048370999938832e-02 3.151883240000045300e-02 2.851753232999981388e-02 2.222567140000028182e-02 3.274658357283997262e-02 3.049940777000003864e-02 3.125140381000000855e-02 2.526210022000013877e-02 2.500766296000001693e-02 2.725117187999967494e-02 3.375466367284009339e-02 2.775779494000016681e-02 2.624176942000012655e-02 2.651449889999967294e-02 9.496130369999810500e-03 2.574180297000057058e-02 3.525569517284020404e-02 3.150560074999941840e-02
2.603013922029999350e+01 1.499854128000006372e-02 2.599979247999965534e-02 2.970620725999979089e-02 2.780066530000040170e-02 3.373370457283927232e-02 2.750638618000048052e-02 3.149323577999987162e-02 2.850859986000032348e-02 2.226500243999944215e-02 3.273999292284034135e-02 3.049319934999996512e-02 3.127999879999988214e-02 2.522047116000030592e-02 2.499100343999962129e-02 2.730566404000055528e-02 3.360191252283959568e-02 2.791061325000018800e-02 2.622490538999991405e-02 2.639716289000014135e-02 9.603700779999894271e-03 2.576815793999958151e-02 3.523014128284048668e-02 3.150073164999978720e-02
2.703013922029999350e+01 1.477303467000019681e-02 2.622669982999943986e-02 2.950486754999965405e-02 2.799186401000042582e-02 3.376209890284007781e-02 2.748669396000041204e-02 3.129240111999954249e-02 2.865933532999988612e-02 2.243424580999987816e-02 3.261673839284014859e-02 3.050220927999992143e-02 3.077020081600003246e-02 2.571076843400005654e-02 2.498763122000018447e-02 2.733003539999954296e-02 3.342139112284023966e-02 2.807933654999997253e-02 2.623010864999996555e-02 2.629039305999976775e-02 9.722473140000511757e-03 2.552296141999977480e-02 3.548103163284031109e-02 3.128939819999961708e-02
2.803013922029999350e+01 1.451702880999946460e-02 2.625553589000012220e-02 2.947462768999994237e-02 2.800750427000020873e-02 3.398464032283991104e-02 2.729109040000039441e-02 3.125163268999951727e-02 2.889766845999984166e-02 2.235003661000046007e-02 3.250556375283984029e-02 3.065585728000001092e-02 3.036376954000006775e-02 2.616340025999997973e-02 2.498503722999994431e-02 2.711640015000011880e-02 3.349262448283982230e-02 2.800519790999997025e-02 2.640750428999999802e-02 2.609073180000013800e-02 1.009263305000004073e-02 2.515606080000016079e-02 3.552160321284027200e-02 3.124550018999964346e-02
2.903013922029999350e+01 1.448859709999960645e-02 2.620573425000022674e-02 2.948503113000006115e-02 2.800116576999971477e-02 3.385166379284019339e-02 2.748160172000061602e-02 3.119666442999935105e-02 2.897453612999997818e-02 2.210103454999989489e-02 3.272721835284012060e-02 3.069467171999994137e-02 3.008740693000008792e-02 2.625709840000017836e-02 2.516199338999976914e-02 2.702920533999968178e-02 3.348916454284037864e-02 2.783415831999982298e-02 2.666747133000026138e-02 2.601194151999989060e-02 1.029696044999982470e-02 2.449189941200020232e-02 3.601936216083995862e-02 3.102410354000005588e-02
3.003013922029999350e+01 1.446349791999964468e-02 2.625056766000000152e-02 2.949533688000010451e-02 2.811013183999966705e-02 3.415943678084047697e-02 2.700239166199928584e-02 3.125202789000051939e-02 2.898280030000023599e-02 2.212460326000000380e-02 3.264074766283968365e-02 3.091154709000003276e-02 2.985170441999989571e-02 2.648529662000000812e-02 2.513296507999985066e-02 2.724082337500003531e-02 3.314557629784015136e-02 2.779919740000004816e-02 2.671826779999974047e-02 2.616016847000027928e-02 1.007596435999985260e-02 2.425733642999984910e-02 3.625502834284052150e-02 3.095027289666634276e-02
3.103013922029999350e+01 1.418646971600071548e-02 2.648229676999965324e-02 2.948764037000000879e-02 2.812363280999997939e-02 3.444843352283969568e-02 2.660772627999976811e-02 3.134946289000056091e-02 2.880506590999975733e-02 2.224234010000000067e-02 3.263585730284014608e-02 3.096419897000014451e-02 2.986457214999973034e-02 2.657579651999985790e-02 2.498583373000001426e-02 2.744963379000000744e-02 3.300003186284022894e-02 2.762812806000010737e-02 2.669027404000007611e-02 2.634239501999982233e-02 9.994799819999752519e-03 2.415872802000012740e-02 3.634927045283984498e-02 3.083971812666684228e-02
3.203013922029999350e+01 1.367927247000043367e-02 2.669396361999954587e-02 2.930210572000032862e-02 2.824599607999953021e-02 3.458243657284001266e-02 2.644226113000040790e-02 3.144633025999994669e-02 2.856469725999995560e-02 2.221900024999958964e-02 3.272565823284034892e-02 3.104530717000004644e-02 2.976957548999980760e-02 2.682315369000025373e-02 2.467876892999993146e-02 2.750413818000015456e-02 3.300579361283983298e-02 2.775839231999998463e-02 2.655074462000011487e-02 2.644976198000003817e-02 1.005296627999996417e-02 2.394030154000029165e-02 3.650629635283985513e-02 3.074012831999955314e-02
3.303013922029999350e+01 1.349703368999907900e-02 2.695486604000018466e-02 2.904626464000029801e-02 2.817727050999929012e-02 3.483004820284040653e-02 2.637980880000032058e-02 3.151060332999970626e-02 2.850289917000009207e-02 2.210453491000007389e-02 3.289259741284011190e-02 3.100153237000008791e-02 2.963610228999968843e-02 2.701032714000011631e-02 2.449500123000034404e-02 2.749942627000018583e-02 3.301126920283961597e-02 2.768636397000000249e-02 2.675183715999992357e-02 2.643533325999997130e-02 1.013073120000008119e-02 2.387760008999939565e-02 3.649783155284021946e-02 3.055923157000036208e-02
3.403013922029999350e+01 1.330024796000034253e-02 2.706009827999971556e-02 2.899266966000032045e-02 2.791237182000040618e-02 3.510334685283923728e-02 2.618920822000072798e-02 3.151726683999970385e-02 2.866627197999987303e-02 2.210386352000059604e-02 3.291250058283939905e-02 3.100199203999993644e-02 2.961903533000022348e-02 2.720020386799981357e-02 2.432522949200035742e-02 2.749526976999986869e-02 3.294812604283981622e-02 2.753026073333330812e-02 2.688750812666658094e-02 2.650480347999982847e-02 1.008252562999987362e-02 2.393490600000004742e-02 3.632022842284059194e-02 3.049233395999965610e-02
3.503013922029999350e+01 1.304629975000061622e-02 2.697789915999949245e-02 2.917426453000043773e-02 2.784590454999997730e-02 3.516606732284053433e-02 2.600488890999913538e-02 3.150983429999999058e-02 2.880486755000019952e-02 2.191923826999991540e-02 3.315126659284012289e-02 3.106492280999996122e-02 2.930293428000004669e-02 2.766096596999983656e-02 2.404903769000060407e-02 2.755963134999910719e-02 3.288902722284040014e-02 2.739147033999997718e-02 2.704256591000012144e-02 2.649636535999998210e-02 9.884094239999467735e-03 2.414473876000119978e-02 3.617276442283982874e-02 3.050100097999932161e-02
3.603013922029999350e+01 1.299283598999973095e-02 2.701556550000043522e-02 2.924263304999985894e-02 2.774396363000050658e-02 3.525925352284029618e-02 2.600317763999919485e-02 3.152920227000015341e-02 2.872813110000024470e-02 2.175153199000014886e-02 3.320928917283972465e-02 3.131994189999998124e-02 2.885379029333349707e-02 2.816177672666648341e-02 2.367907410000043289e-02 2.780685424999974203e-02 3.270526718283983669e-02 2.728626858000006775e-02 2.725939943000012244e-02 2.649486694000006623e-02 9.758398449999367355e-03 2.423593749000065023e-02 3.626605816283918343e-02 3.049879914000068817e-02
3.703013922029999350e+01 1.300360718000010893e-02 2.703159790999982298e-02 2.929666747000046756e-02 2.766946716000020373e-02 3.534033797283919059e-02 2.599818878000005606e-02 3.167846680000022813e-02 2.851813658999999626e-02 2.173876647999968548e-02 3.327445174284036911e-02 3.151077453999993200e-02 2.848867034000031676e-02 2.851372679999985768e-02 2.348007201999935054e-02 2.801576538000008498e-02 3.252316343284039624e-02 2.722529983000003886e-02 2.727496642999976614e-02 2.648789979000030007e-02 9.827301029999581036e-03 2.414113158000036341e-02 3.626909314284057495e-02 3.050473632999949058e-02
3.803013922029999350e+01 1.299520416000013966e-02 2.728063812000057139e-02 2.926519775999986486e-02 2.746156616000007544e-02 3.559580060283987907e-02 2.599186096999983250e-02 3.146341765600000479e-02 2.871528564400025602e-02 2.149913329999981332e-02 3.366606370283998367e-02 3.155332953666668133e-02 2.814593404333318172e-02 2.866913450999963864e-02 2.333046266000019311e-02 2.831434020500019078e-02 3.235799084784014151e-02 2.700406190000012585e-02 2.769698282666649761e-02 2.628896077333338355e-02 9.779565430000365656e-03 2.406113280999997925e-02 3.617568799283908676e-02 3.050113832000081460e-02
3.903013922029999350e+01 1.300045012666694276e-02 2.743781738333304909e-02 2.906226705666643817e-02 2.733430582333336301e-02 3.593674756284017530e-02 2.599641113999968944e-02 3.122926330000066336e-02 2.878533325999960493e-02 2.149460447999954407e-02 3.406085692284052668e-02 3.127290602999999863e-02 2.820429991999990477e-02 2.884079895499962881e-02 2.315233460500021323e-02 2.848886720000009393e-02 3.202179241284013739e-02 2.700426178000015984e-02 2.780467527999971877e-02 2.619060363999997296e-02 9.753698730000178244e-03 2.420520020000039782e-02 3.605101910283919908e-02 3.045810396000035725e-02
4.003013922029999350e+01 1.295376738000049953e-02 2.752472992000023003e-02 2.889872131999982399e-02 2.724668578999990196e-02 3.619712913617306738e-02 2.596599781666689144e-02 3.102249451000045621e-02 2.875187072999942778e-02 2.148976746000007612e-02 3.427703038284014153e-02 3.147842904000013042e-02 2.801430205999968018e-02 2.899126586999955027e-02 2.299750061000086290e-02 2.849769897000005436e-02 3.201469633283970939e-02 2.699749679000005773e-02 2.800173644999977285e-02 2.600060425000010750e-02 9.743731680000200512e-03 2.398959963999950512e-02 3.627795848284076641e-02 3.022823790999993807e-02
4.103013922029999350e+01 1.300120238000090390e-02 2.751912843999909999e-02 2.871617125000048079e-02 2.727143248999927896e-02 3.650291275284107267e-02 2.575875241999892734e-02 3.099672853000067646e-02 2.875913084999956459e-02 2.148140868000045917e-02 3.427041142283988179e-02 3.149717568999996914e-02 2.802309722999980421e-02 2.898190613000006105e-02 2.300533447000052689e-02 2.850313109999988090e-02 3.201149580283974699e-02 2.700043335000018585e-02 2.799926605999971882e-02 2.599950562000049106e-02 9.760430889999406265e-03 2.399433594000001738e-02 3.626562330283995828e-02 3.024537049000011746e-02
4.203013922029999350e+01 1.277477111999978689e-02 2.774463042999980242e-02 2.855753479999948580e-02 2.742726134000040422e-02 3.664271323950669956e-02 2.539702199333259899e-02 3.117169800000067423e-02 2.879833375000052931e-02 2.126223143999995957e-02 3.444625063283977134e-02 3.149991007999986686e-02 2.784529571000039089e-02 2.916513977999930091e-02 2.300233460000017729e-02 2.849570313000003921e-02 3.200898800284014689e-02 2.700860214000003895e-02 2.798499907999976027e-02 2.601630249000081579e-02 9.582403569999587215e-03 2.422043456999963332e-02 3.620998162284012889e-02 3.029887898000035995e-02
4.303013922029999350e+01 1.275090183000211243e-02 2.798866573999896426e-02 2.853873596999946874e-02 2.722435912000073510e-02 3.711448118783992195e-02 2.513215255500072035e-02 3.102100067999947336e-02 2.878706663999983095e-02 2.121400147999957103e-02 3.449820729284024112e-02 3.162425192000007518e-02 2.787593691000002025e-02 2.935514830499996730e-02 2.266644592499942462e-02 2.849787598000111735e-02 3.200625439283923818e-02 2.701493532000022110e-02 2.798313292000020880e-02 2.635041809499962320e-02 9.165383904999907516e-03 2.424266358000022603e-02 3.626653425284021015e-02 3.028412627999953199e-02
4.403013922029999350e+01 1.265733336000121265e-02 2.800846254000009458e-02 2.867767334000018153e-02 2.716993407999980167e-02 3.735329037284027681e-02 2.499226760999954250e-02 3.100856933999987172e-02 2.862096252000046609e-02 2.115373841000036878e-02 3.472164575283941124e-02 3.163998126999988808e-02 2.788376922000024988e-02 2.949452820000005721e-02 2.249996947999970826e-02 2.850916138000029673e-02 3.181670056283967402e-02 2.719856568000032088e-02 2.780296629999975261e-02 2.649986573999995113e-02 9.197369389999949379e-03 2.414896849000069609e-02 3.636106321283950893e-02 3.012273025999986573e-02
4.503013922029999350e+01 1.249766539999982301e-02 2.801453095000017504e-02 2.873913879000065258e-02 2.725886230999967699e-02 3.726437512284101056e-02 2.499308775999961596e-02 3.101253359999921189e-02 2.873626402000008934e-02 2.096487731999950588e-02 3.479505711284048425e-02 3.176470070000005086e-02 2.793420106000012171e-02 2.950296018999943107e-02 2.230900880999979463e-02 2.850745848000078853e-02 3.176203062283987355e-02 2.726050187000000902e-02 2.774083252000018526e-02 2.650159606999986928e-02 9.255700670000078373e-03 2.423853759999983551e-02 3.627926313284042525e-02 3.024973296999980757e-02
4.603013922029999350e+01 1.243396760000032436e-02 2.801770476999902379e-02 2.861896667999972235e-02 2.737120055000050178e-02 3.714307386284054074e-02 2.500278320999932413e-02 3.094053344000005992e-02 2.873496704999997653e-02 2.101660155999997975e-02 3.475277196283996228e-02 3.195182686000000438e-02 2.805826263999988343e-02 2.943379821000053145e-02 2.205466613999960968e-02 2.857303466999946973e-02 3.170409528284055811e-02 2.725310515999990538e-02 2.793176879999991966e-02 2.650842591000000456e-02 9.056573490000300805e-03 2.425493773999914948e-02 3.616440971284075323e-02 3.019880167333319557e-02
4.703013922029999350e+01 1.199387328800105394e-02 2.801640623999939947e-02 2.894533387500014196e-02 2.704139708500042510e-02 3.733726714283984449e-02 2.498626326999947231e-02 3.069293211999995358e-02 2.874279786000042899e-02 2.101973265999986309e-02 3.475027069283971592e-02 3.201279827999987948e-02 2.844506379000031129e-02 2.904466401000008885e-02 2.198767090000037713e-02 2.876426390999913679e-02 3.151929837284025981e-02 2.725396653000025302e-02 2.799886779999942454e-02 2.669919433000031775e-02 8.792541509999864460e-03 2.426559448000043667e-02 3.600646115283889087e-02 3.024273452000072679e-02
4.803013922029999350e+01 1.162722931000025745e-02 2.798250426999895901e-02 2.932966614999968358e-02 2.668026427000004183e-02 3.752275221283998818e-02 2.481750946000102140e-02 3.068263701999878607e-02 2.867309876000035881e-02 2.117060545999993257e-02 3.460142309284001266e-02 3.207136880000000662e-02 2.879696653999999287e-02 2.869833373999972417e-02 2.198996583000043664e-02 2.886166380999929948e-02 3.151326735284040031e-02 2.716746673000015877e-02 2.799069976000027882e-02 2.685870056999919986e-02 8.636730950000491916e-03 2.436234131000019135e-02 3.584145185283996171e-02 3.032526702999987361e-02
4.903013922029998639e+01 1.163520201999926861e-02 2.774426574999945549e-02 2.950636902000005821e-02 2.673263854999968422e-02 3.752113477284001186e-02 2.476468810999940540e-02 3.073883057000077745e-02 2.836064453333383278e-02 2.138279418666643242e-02 3.447227823283990217e-02 3.229914949999988794e-02 2.874673158000004905e-02 2.875193481999994971e-02 2.199666748000017949e-02 2.875753172999975446e-02 3.152119657284004062e-02 2.726796647000010246e-02 2.798530122000010903e-02 2.675493161999984229e-02 8.737396239999362102e-03 2.426167603000067147e-02 3.574572278284031401e-02 3.051859741999962683e-02
5.003013922029998639e+01 1.143680267000017972e-02 2.776129913999995924e-02 2.950279845999975725e-02 2.671803895000048057e-02 3.751379681283870116e-02 2.461824189000035371e-02 3.096738586000049101e-02 2.817896424000027739e-02 2.150657346999942238e-02 3.452239096284040465e-02 3.230423392999991899e-02 2.869116821999996222e-02 2.881296081000000314e-02 2.191550598000030839e-02 2.877426146999932655e-02 3.152976896284055697e-02 2.746926194000025301e-02 2.783633422999991919e-02 2.669263304999985875e-02 8.723229980000178976e-03 2.427697142999968652e-02 3.580686323284026223e-02 3.038116912999996519e-02
5.103013922029998639e+01 1.118129883000074272e-02 2.798453369999935950e-02 2.970282388666673629e-02 2.629697469333332205e-02 3.752943326284002845e-02 2.448250046999892252e-02 3.134446715000106104e-02 2.783664042333306235e-02 2.182235920666667980e-02 3.467717859284005083e-02 3.209837972000006284e-02 2.874770355999990007e-02 2.874666136000014402e-02 2.174592896000030959e-02 2.901104124999983463e-02 3.167561514283982055e-02 2.713934591999996038e-02 2.804089966000028813e-02 2.681300354500017538e-02 8.348434454999005550e-03 2.465671081500040579e-02 3.559694958783948121e-02 3.001316529000052843e-02
5.203013922029998639e+01 1.102152709999936614e-02 2.798106994000065795e-02 2.980986938000059969e-02 2.619213257999945116e-02 3.773759976284054435e-02 2.426792831000057146e-02 3.150986633999875580e-02 2.749420166000054316e-02 2.200715942666622502e-02 3.500654108617327204e-02 3.172722796000007617e-02 2.878506774000015936e-02 2.869793093999978631e-02 2.179732664000039177e-02 2.920153807999886428e-02 3.180553113284061151e-02 2.700136415000015458e-02 2.801703185000005772e-02 2.703953248000034310e-02 7.957543939999596472e-03 2.499545897999923966e-02 3.523809644284046916e-02 3.000329895000052038e-02
5.303013922029998639e+01 1.102272795999888373e-02 2.798006590999959839e-02 2.977313844000018320e-02 2.623649291000038075e-02 3.772772658283866237e-02 2.404297333000140341e-02 3.173450163999971124e-02 2.725863037000017530e-02 2.215251464999964948e-02 3.510024874284008861e-02 3.153366680000001254e-02 2.897236937999987313e-02 2.868216552999983820e-02 2.158569640999994516e-02 2.925083008000001553e-02 3.199443418284029367e-02 2.700887069000000237e-02 2.801019439000010727e-02 2.697411196000030001e-02 8.002990709999721966e-03 2.501526489000025291e-02 3.523093092283816063e-02 2.980699768000142844e-02
5.403013922029998639e+01 1.101713257000228562e-02 2.799309844999863656e-02 2.975433654000043948e-02 2.625399780999941937e-02 3.774000380284051048e-02 2.402312619999865881e-02 3.173703616000114053e-02 2.724263303999941918e-02 2.216865845333377411e-02 3.509876270950685467e-02 3.151650657999996441e-02 2.899086609000005310e-02 2.874633177999967246e-02 2.150453492000087979e-02 2.923803100999939480e-02 3.202213269284004404e-02 2.701393432999993696e-02 2.800686036000006596e-02 2.698910522000005571e-02 7.991333000000305081e-03 2.501729735999979470e-02 3.524809859283996316e-02 2.976309660999998039e-02
5.503013922029998639e+01 1.119666901000018755e-02 2.781473236999975132e-02 2.998346862000034890e-02 2.620306092000028106e-02 3.755681134284095946e-02 2.425541686999786034e-02 3.151083832000096951e-02 2.724486694000079201e-02 2.243460082999954378e-02 3.500104553283997499e-02 3.135268200999985488e-02 2.898592836000025291e-02 2.874197081999954953e-02 2.150643005000019842e-02 2.943782959000018282e-02 3.227383740483999452e-02 2.674323089800003522e-02 2.800359954999985176e-02 2.700090332000036272e-02 7.979638669999258166e-03 2.483928833000027120e-02 3.548463346284115583e-02 2.953496628999876042e-02
5.603013922029998639e+01 1.136681519999983674e-02 2.744028471999938532e-02 3.000993042000045519e-02 2.655028381499941956e-02 3.714883405783984960e-02 2.427830962000007350e-02 3.152756653999988501e-02 2.720140379999938865e-02 2.252120362000132464e-02 3.534474450283939945e-02 3.114584827999991590e-02 2.900142821999997927e-02 2.851170351000000686e-02 2.151199338000005928e-02 2.983590393999984228e-02 3.250826589284017826e-02 2.617383079999972481e-02 2.811533202000064333e-02 2.732771972399962099e-02 7.550283215999365610e-03 2.497946776000098748e-02 3.551375945283870988e-02 2.951700362000067232e-02
5.703013922029998639e+01 1.168836057000153215e-02 2.712947082999910345e-02 3.000296326000025104e-02 2.687713622999944943e-02 3.699341413283982472e-02 2.403711395000136808e-02 3.160133055999851670e-02 2.736766968000010902e-02 2.251756898000021462e-02 3.550082093283997431e-02 3.100817546000003005e-02 2.900313264000014754e-02 2.816029662666611616e-02 2.184126586333417358e-02 2.999417113999879730e-02 3.249929487284082541e-02 2.602813109999988286e-02 2.811079866000036273e-02 2.754114075000034176e-02 7.150195299999904941e-03 2.518020018999959572e-02 3.551889708283997860e-02 2.951496352999986514e-02
5.803013922029998639e+01 1.173419647999980955e-02 2.726503599999944086e-02 2.999756774999987052e-02 2.675373841000036959e-02 3.699827253283874406e-02 2.400678252000070650e-02 3.174566652000087447e-02 2.724420165999908924e-02 2.250960082000092247e-02 3.551367781283945591e-02 3.099985197999985745e-02 2.901112976000003868e-02 2.799593506000019189e-02 2.201073608000006163e-02 2.999373780000023568e-02 3.249485761283960744e-02 2.602453155999974108e-02 2.823436585000017526e-02 2.751583863000050742e-02 6.997937009999441460e-03 2.523778687000085424e-02 3.551753215283970366e-02 2.951800383999964028e-02
5.903013922029998639e+01 1.162029266000172423e-02 2.737503509999899068e-02 3.000633546000026561e-02 2.662243346999966856e-02 3.694211254283873147e-02 2.407408143000066073e-02 3.167623293000090129e-02 2.731526792000004214e-02 2.250880430999895737e-02 3.550816881284060700e-02 3.099905605999997427e-02 2.901407165000018801e-02 2.799799500000008101e-02 2.193503723000030797e-02 3.007256469999920398e-02 3.248852827284028771e-02 2.603189848999991340e-02 2.816093446000049808e-02 2.770260617999956501e-02 6.815789799999766134e-03 2.523966675999981743e-02 3.557523023284011460e-02 2.945433654000028170e-02
6.003013922029998639e+01 1.178379518000001631e-02 2.721493224000171365e-02 3.000167235999979393e-02 2.674853517000010464e-02 3.694889889284095480e-02 2.406299209999997538e-02 3.149196471999914787e-02 2.756783447999987258e-02 2.250417174999965950e-02 3.551333199284015252e-02 3.094155675000024447e-02 2.901300505999970455e-02 2.798400269000012389e-02 2.175476380000036444e-02 3.026182860999979476e-02 3.254903164283971112e-02 2.602563095999994511e-02 2.774343108500033905e-02 2.794207001499926166e-02 6.806402589999925243e-03 2.518666381000002688e-02 3.601498243284063233e-02 2.901068419999972003e-02
6.103013922029998639e+01 1.180409545999864390e-02 2.701926930666738794e-02 3.015320231333267972e-02 2.687146606000169469e-02 3.702747938283864476e-02 2.382337951000081458e-02 3.164853211999891364e-02 2.766026915000038486e-02 2.249126283000004931e-02 3.552819920283991489e-02 3.087409553000008966e-02 2.898463899999987811e-02 2.799386596000040181e-02 2.165933226999986957e-02 3.003853352333219276e-02 3.293459709950739139e-02 2.604803162000025527e-02 2.721656492999973212e-02 2.825780029000015889e-02 6.957470720000128415e-03 2.506353148999987748e-02 3.644266263283934409e-02 2.857630233000075029e-02
6.203013922029998639e+01 1.175316467000084297e-02 2.672630004999975925e-02 3.035293581000005417e-02 2.691622922999958867e-02 3.695658095284161393e-02 2.380478209999855460e-02 3.173650207000048434e-02 2.791098022500009337e-02 2.211098633500005115e-02 3.576411420283991116e-02 3.070107880000009712e-02 2.905117187000032589e-02 2.809076537999899426e-02 2.167026977000059695e-02 2.967280274000077059e-02 3.314852048283921382e-02 2.634493637499999916e-02 2.683933257500048172e-02 2.824813843000010746e-02 7.129992669999774338e-03 2.512706299999990789e-02 3.665606900783968669e-02 2.837853317500032418e-02
6.303013922029998639e+01 1.169973144999967261e-02 2.671643676999976846e-02 3.053840026999969301e-02 2.671486815999960657e-02 3.705183698284163218e-02 2.378858642000050011e-02 3.168656769999891182e-02 2.830753478999977271e-02 2.171283264000012370e-02 3.590624969284012674e-02 3.059917614999984117e-02 2.900877534000028540e-02 2.830216063999978215e-02 2.151299743999988967e-02 2.967723999000008994e-02 3.330589353284015008e-02 2.652283096000010096e-02 2.650733641999940965e-02 2.802207641333395727e-02 7.471252456665865987e-03 2.500663451000000384e-02 3.699229795284045275e-02 2.820940018000021518e-02
6.403013922029998639e+01 1.178600159000197864e-02 2.646643371999837097e-02 3.077006835000065457e-02 2.656693114999943497e-02 3.693576872284029533e-02 2.399839248999924290e-02 3.174583282000114498e-02 2.823547057999967191e-02 2.177153626000071993e-02 3.603061085283936621e-02 3.047244530000025459e-02 2.900914004000005805e-02 2.830266109999938703e-02 2.146056520000056561e-02 2.973330078000071749e-02 3.325663129283914360e-02 2.652109831999987372e-02 2.654466553999991485e-02 2.769173583999945398e-02 7.804528800000844029e-03 2.496134032999980379e-02 3.707429563283949625e-02 2.817670059000031493e-02
6.503013922029998639e+01 1.203613584000122472e-02 2.625153198000064123e-02 3.075643616999950564e-02 2.674630433000056706e-02 3.671729107284045501e-02 2.402843168999970608e-02 3.176880492999937383e-02 2.821096192000040886e-02 2.180010375999918287e-02 3.601654457284018951e-02 3.051758002000010475e-02 2.897254180000018164e-02 2.824976197999931257e-02 2.148896482000054592e-02 2.976033938000109680e-02 3.320772227283871197e-02 2.655789795999989947e-02 2.649866943000015601e-02 2.775816651000059115e-02 7.718374624999342279e-03 2.501462707499922666e-02 3.725719587283965462e-02 2.802166900000104335e-02
6.603013922029998639e+01 1.221799622000253362e-02 2.624376525999926046e-02 3.053429869999890744e-02 2.709305013333457648e-02 3.640308311950550546e-02 2.422073515999945831e-02 3.176549378000075030e-02 2.823123780000023550e-02 2.155653075000009411e-02 3.624376719283991383e-02 3.046785983000011022e-02 2.902173614999992504e-02 2.819413757000002047e-02 2.153935851999995085e-02 2.975770874000008975e-02 3.304122603283997373e-02 2.674606779999958231e-02 2.643299257000035138e-02 2.781260679000042632e-02 7.688366709999536024e-03 2.504182741000113288e-02 3.727326717283867968e-02 2.778356704000018579e-02
6.703013922029998639e+01 1.236999741499967068e-02 2.588883132499997936e-02 3.051263428000020039e-02 2.724537046999976272e-02 3.624636138283967440e-02 2.425696638999943339e-02 3.175412902000045862e-02 2.840410157000078373e-02 2.135904236999922393e-02 3.649008389284046777e-02 3.021610029999974301e-02 2.905523682000057256e-02 2.825089721999975156e-02 2.150353393999976034e-02 2.974293823000043538e-02 3.324136031283962678e-02 2.688240050500007722e-02 2.630949859499960575e-02 2.781403198000043792e-02 7.517907710000145370e-03 2.500599365999951404e-02 3.725149746284005248e-02 2.776776657000029971e-02
6.803013922029998639e+01 1.250756530999933523e-02 2.550800324000031261e-02 3.051659546000009757e-02 2.747756957999954522e-02 3.618578320283995925e-02 2.431234436000086208e-02 3.152136840999903572e-02 2.867213440000050337e-02 2.132030334999944834e-02 3.651365682284037767e-02 3.000763053999976407e-02 2.919360046000001735e-02 2.806946716000020478e-02 2.149857483000014446e-02 2.988169555999993510e-02 3.335629331284001298e-02 2.702183304000009209e-02 2.617639769999950683e-02 2.781150512000021835e-02 7.482733160000498186e-03 2.502092895999958114e-02 3.720029736284050093e-02 2.782133790999926151e-02
6.903013922029998639e+01 1.249539793999865714e-02 2.548539734000098561e-02 3.050873413999943135e-02 2.750306395999941797e-02 3.620726757284137287e-02 2.425326691999944023e-02 3.149959564000039125e-02 2.875387268000049665e-02 2.130700074000051181e-02 3.650394993283882783e-02 2.995390970000025993e-02 2.926673888000041329e-02 2.799332885999901779e-02 2.148507081999996571e-02 2.981136167000076817e-02 3.346486265283949574e-02 2.705363541000006117e-02 2.619333495999963055e-02 2.779866331999946913e-02 7.487475600000470695e-03 2.496782836000056849e-02 3.726275769283966116e-02 2.776416931000005514e-02
7.003013922029998639e+01 1.256666411999904018e-02 2.543193208000104830e-02 3.057510069999989227e-02 2.749683226999986851e-02 3.618697798284119943e-02 2.420781707999995064e-02 3.151386717999869053e-02 2.897680664000072334e-02 2.106232909999962433e-02 3.657544824283982116e-02 2.989581470999998908e-02 2.955236512000046847e-02 2.793250120999946420e-02 2.131019897000078350e-02 2.969606934000039444e-02 3.352019177283893647e-02 2.712050171999981149e-02 2.617916870000008139e-02 2.780890503000118738e-02 7.432495119998929964e-03 2.514330444999941447e-02 3.731365719284076427e-02 2.752363051999948476e-02
7.103013922029998639e+01 1.301930481999995746e-02 2.499422973999949199e-02 3.075096436000094441e-02 2.756510008999975975e-02 3.594387114284035983e-02 2.444922559999977360e-02 3.150016631999917605e-02 2.899437257000027010e-02 2.080836182999992040e-02 3.675435409284039112e-02 2.975603847999973295e-02 2.976486510999966362e-02 2.775214233000005901e-02 2.148955566800082179e-02 2.949251221199870182e-02 3.370612088284108410e-02 2.707983626999975815e-02 2.599399720000037523e-02 2.805749816999887278e-02 7.170806869999796218e-03 2.524166260000201834e-02 3.729266341283801051e-02 2.749220122000135824e-02
7.203013922029998639e+01 1.345049896000127809e-02 2.456226348999937178e-02 3.093523864000017123e-02 2.762676085999846848e-02 3.569289840284182308e-02 2.469670103999815208e-02 3.150173187000129826e-02 2.899006958000027376e-02 2.063340148999995988e-02 3.668576719283944687e-02 2.982085800999989197e-02 2.987826384000036306e-02 2.756640320000005792e-02 2.193597108000030702e-02 2.912706297999829996e-02 3.388336469284115859e-02 2.707522736000009950e-02 2.592746580999919295e-02 2.812886659000068956e-02 6.988305650000984671e-03 2.540239869999932204e-02 3.705239468283980098e-02 2.757229842999970454e-02
7.303013922029998639e+01 1.351226502000063209e-02 2.446020608666606144e-02 3.104992881333309973e-02 2.772822873999975998e-02 3.552178937284043020e-02 2.493387452000024596e-02 3.132350005999926662e-02 2.899606934000039521e-02 2.081459960000065640e-02 3.643623068283927818e-02 3.000726126999995677e-02 2.975203551999984486e-02 2.749899902000033786e-02 2.199680176000110704e-02 2.926226808999781576e-02 3.375519542284075719e-02 2.730019532000042132e-02 2.570353392000033696e-02 2.829500123999896533e-02 6.988806140000815813e-03 2.541269532000005674e-02 3.680389539283933364e-02 2.776513368000034856e-02
7.403013922029998639e+01 1.350533295999921390e-02 2.434794005999958710e-02 3.113456421000082575e-02 2.770372923999821213e-02 3.567386457284155848e-02 2.508959808999934593e-02 3.107003480000078074e-02 2.896782834999976283e-02 2.101146240000089163e-02 3.635959723283892914e-02 3.002516975000012189e-02 2.965010375999954650e-02 2.749700011000022482e-02 2.198903505000052855e-02 2.919509276999888298e-02 3.382290251284068849e-02 2.732089767000015976e-02 2.568660278999959634e-02 2.821889647999923853e-02 7.095172110002022532e-03 2.555663451999862570e-02 3.663778975284076589e-02 2.785723112999933040e-02
7.503013922029998639e+01 1.349952697999833549e-02 2.425346984000082209e-02 3.100659790000063337e-02 2.776206969999911803e-02 3.575131590283999600e-02 2.563113741571473869e-02 3.061541181428599490e-02 2.882906188999986505e-02 2.101047058000040171e-02 3.641072694283941508e-02 2.994599438000022928e-02 2.981580810000013931e-02 2.750473021999932932e-02 2.198493041999900061e-02 2.900352783999987985e-02 3.401573925284158417e-02 2.726613464999973202e-02 2.574826661000006317e-02 2.797225951999862334e-02 7.279437250002228701e-03 2.544210814999969469e-02 3.680498641284066230e-02 2.776983182999849878e-02
7.603013922029998639e+01 1.349179992000135858e-02 2.428103484999976497e-02 3.097966307999959132e-02 2.799599610000004860e-02 3.550677015284017801e-02 2.632823028999992099e-02 2.992860259999963538e-02 2.907439881000027648e-02 2.101133423000064657e-02 3.602629210950619720e-02 3.015753339333332450e-02 2.974663543000060500e-02 2.758032836999918871e-02 2.199377136000039284e-02 2.892546387000038619e-02 3.408763411283946554e-02 2.718246613000028372e-02 2.575197142999968367e-02 2.799002685000014090e-02 7.277465809999557333e-03 2.547127075000025706e-02 3.683925688283925387e-02 2.770520248000050284e-02
7.703013922029998639e+01 1.349740597999771197e-02 2.453306274000080847e-02 3.071813050000055112e-02 2.799926453000079959e-02 3.550366650283976605e-02 2.660433502999949226e-02 2.965766752999936598e-02 2.925186463000063741e-02 2.104739684999876875e-02 3.569931241284123036e-02 3.051129074000018607e-02 2.951446533999987909e-02 2.774159851000004146e-02 2.199493102999986252e-02 2.875346069999941412e-02 3.426720486284068334e-02 2.700670394999961019e-02 2.574596557999975568e-02 2.799859008000203306e-02 7.504345719999401185e-03 2.524972532999818220e-02 3.700456373284104900e-02 2.776009826999963764e-02
7.803013922029998639e+01 1.354633637999941125e-02 2.472292480000198855e-02 3.048347168000036661e-02 2.800479735999833811e-02 3.552167149284213982e-02 2.678465919999871436e-02 2.950846558000068745e-02 2.921789855999959440e-02 2.102533873999927819e-02 3.575225851284060535e-02 3.054637107000025831e-02 2.947932586999959387e-02 2.768867800000152785e-02 2.202271725999889809e-02 2.881293945999932604e-02 3.420683346284042470e-02 2.700853652999976595e-02 2.576563112000003486e-02 2.799165647999907539e-02 7.508215339999878453e-03 2.524032592000148567e-02 3.697599469283886775e-02 2.780093536000078844e-02
7.903013922029998639e+01 1.377673644000024060e-02 2.471059875999946989e-02 3.048662719999992859e-02 2.783016051999875201e-02 3.571204741284018241e-02 2.677615890000160925e-02 2.950273131999949644e-02 2.922873534000027668e-02 2.098076171999855438e-02 3.579840262284112590e-02 3.057602958999991807e-02 2.944587248999996562e-02 2.757542723999940881e-02 2.214010315000196003e-02 2.879526367999787895e-02 3.422013227284062542e-02 2.701686858000030070e-02 2.576250001000007783e-02 2.798042601999914045e-02 7.512139900001057330e-03 2.543708700333420503e-02 3.659257131950677949e-02 2.798606567999834330e-02
8.003013922029998639e+01 1.375343323000124615e-02 2.492823485999927022e-02 3.048686218000002529e-02 2.758232726999994971e-02 3.576373273284116222e-02 2.697907103999750561e-02 2.927313691000110740e-02 2.925220033000005063e-02 2.134503173000048409e-02 3.541596395283961446e-02 3.074553337000015749e-02 2.926470030999989841e-02 2.754989776999937010e-02 2.234156952000121085e-02 2.884193114999943769e-02 3.401829510284026109e-02 2.736331483499925693e-02 2.563615265500011550e-02 2.798139648000069410e-02 7.271771250000165325e-03 2.556812741999892752e-02 3.667560102284041917e-02 2.778196258999980628e-02
8.103013922029998639e+01 1.368886719000001959e-02 2.501006317000158130e-02 3.032106934999901499e-02 2.767132567999942838e-02 3.581462346284097070e-02 2.700244941999990420e-02 2.919226379000049165e-02 2.931586609999940404e-02 2.239021707333329128e-02 3.395664222617347100e-02 3.116607234333305249e-02 2.919589538000036399e-02 2.732142944999941397e-02 2.267111206000117785e-02 2.881759643999975973e-02 3.399722653283954177e-02 2.752202835000025494e-02 2.549617003999956125e-02 2.799210204999981119e-02 7.003503420000197280e-03 2.600316163000097880e-02 3.650110074283875045e-02 2.753312911999985374e-02
8.203013922029998639e+01 1.375187073999986805e-02 2.513106382000135017e-02 3.016366578000015744e-02 2.771632691999839290e-02 3.574894619284168379e-02 2.699872512000001806e-02 2.941672820999904209e-02 2.908980102999994544e-02 2.336500853999896182e-02 3.290324309284108073e-02 3.124671249000011974e-02 2.925202941000061563e-02 2.728967285999824369e-02 2.270653076000162321e-02 2.873973389000020542e-02 3.402246075283930915e-02 2.750036468999969563e-02 2.555997010000064448e-02 2.799333496000035518e-02 6.936962889999267502e-03 2.625056762000022026e-02 3.627049848283932232e-02 2.749956207000088873e-02
8.303013922029998639e+01 1.384810180999920641e-02 2.513256531000026758e-02 3.000176697000060677e-02 2.768529662999935637e-02 3.588696120284003144e-02 2.681897276999807220e-02 2.964479980000198772e-02 2.900285643999959626e-02 2.344920655000023654e-02 3.290086233284025830e-02 3.102026939000002148e-02 2.929606322000035887e-02 2.731803590000054030e-02 2.256578775333230313e-02 2.895158284666638285e-02 3.375249159284050837e-02 2.776316527999988376e-02 2.542680359000005358e-02 2.798916320999924115e-02 6.948364259999653160e-03 2.655183105000178193e-02 3.610130140284018019e-02 2.749526367999953827e-02
8.403013922029998639e+01 1.375653229999879851e-02 2.574389419000183352e-02 2.950787276999963099e-02 2.749913025000132530e-02 3.595826322283828674e-02 2.678250350000162261e-02 2.984043579999945406e-02 2.918314819200007806e-02 2.324110718800017142e-02 3.276565037283973858e-02 3.099652138000010340e-02 2.925742797999992054e-02 2.759847411999944572e-02 2.229552613000123501e-02 2.935245970999937962e-02 3.325967161283965856e-02 2.800693436000001313e-02 2.544533385999966577e-02 2.780750124000187437e-02 7.182836899998074065e-03 2.656492919000156758e-02 3.607255841283913550e-02 2.743306731999930331e-02
8.503013922029998639e+01 1.346644592666659639e-02 2.654015503333352968e-02 2.901010438000012001e-02 2.750463254999922433e-02 3.600357382283982804e-02 2.661068686999933444e-02 3.002066498000151643e-02 2.937020263999947853e-02 2.299832763000013089e-02 3.264299404284053824e-02 3.092890672000025987e-02 2.925549926999920086e-02 2.761642252666691652e-02 2.255664266333429896e-02 2.951873167999874426e-02 3.281833022284065537e-02 2.799987183999983267e-02 2.569229427999962512e-02 2.756130067000049297e-02 7.246533209999324668e-03 2.669516601000068365e-02 3.613083020284102442e-02 2.718720091999878019e-02
8.603013922029998639e+01 1.325246429999824699e-02 2.675747224000099220e-02 2.899985961999918677e-02 2.751500854000041643e-02 3.598941633283975206e-02 2.678690947999711955e-02 2.997152710000320838e-02 2.925153808000104452e-02 2.300039673999999812e-02 3.275924406283863694e-02 3.074168500999990145e-02 2.926693726999947051e-02 2.749873350999987309e-02 2.273805848000047189e-02 2.950740968000027317e-02 3.282616099284007410e-02 2.793386841000028778e-02 2.575549316999895325e-02 2.749180907999980092e-02 7.304467780000413468e-03 2.670732422000146600e-02 3.630593243283801452e-02 2.696307221000117729e-02
8.703013922029998639e+01 1.341769865999813127e-02 2.665846863000062919e-02 2.900422974999964862e-02 2.751310424000111970e-02 3.599793683283933343e-02 2.679229125999990982e-02 2.989536285999950041e-02 2.931177062000060729e-02 2.300679626999917529e-02 3.268688146284069035e-02 3.074128303999996287e-02 2.952146452999986764e-02 2.724827271000103759e-02 2.278113401999871598e-02 2.952816163000097568e-02 3.301809599283935664e-02 2.788300093999969420e-02 2.561436462999991046e-02 2.750023193000088184e-02 7.310803219999070443e-03 2.666853027000179455e-02 3.634356367283907846e-02 2.708063506999990391e-02
8.803013922029998639e+01 1.365493010999925885e-02 2.666153716999999576e-02 2.901615599999931780e-02 2.749750975999923006e-02 3.599623625284002759e-02 2.673528977000096465e-02 2.992393646000002586e-02 2.934760285000084096e-02 2.314703063499837232e-02 3.235962257784069651e-02 3.071047459999972501e-02 2.980852661999961253e-02 2.699500732000014933e-02 2.283126219000114476e-02 2.968163453000015675e-02 3.315564558783919147e-02 2.756451568499960689e-02 2.577546996000019269e-02 2.750659791999933088e-02 7.249261460000707563e-03 2.657910156000143492e-02 3.650789624283788670e-02 2.689680481000125342e-02
8.903013922029998639e+01 1.382902983999811063e-02 2.649433594000022429e-02 2.917199400999961542e-02 2.733683471999975162e-02 3.600854589283990215e-02 2.667855110000091207e-02 3.031497039999978688e-02 2.907692362666712202e-02 2.341944783333310687e-02 3.193767454283995277e-02 3.075658338999978647e-02 2.983783265000020113e-02 2.700530090000102107e-02 2.306961873666539195e-02 2.961818034333311978e-02 3.331839734284060273e-02 2.718505859999968341e-02 2.580093995000061133e-02 2.751669919999985559e-02 7.168499770000925919e-03 2.683309934999997606e-02 3.650886213283956877e-02 2.669687041999952576e-02
9.003013922029998639e+01 1.377829743000329524e-02 2.648056791999936141e-02 2.900886536000107235e-02 2.750447387999883919e-02 3.600320684283942613e-02 2.674564703999931375e-02 3.035166932000158899e-02 2.914613342000084081e-02 2.325050048999837554e-02 3.176395856284072727e-02 3.075127105999981778e-02 3.001293335000045776e-02 2.700766907999859606e-02 2.327353210000146500e-02 2.947159422999829845e-02 3.326643430284150632e-02 2.700723037999960136e-02 2.597196655000006890e-02 2.750930175000030481e-02 7.007366949999414320e-03 2.700377197000052715e-02 3.650922148284007490e-02 2.676183702000000872e-02
9.103013922029998639e+01 1.371546326999668886e-02 2.645696411000264883e-02 2.902567137999867430e-02 2.749172974000102868e-02 3.600027753284084503e-02 2.678391875999805091e-02 3.051093446000179357e-02 2.899973753999802312e-02 2.322962646000087394e-02 3.175242522284054542e-02 3.076307753999999589e-02 2.998100739000001194e-02 2.699973144000105199e-02 2.354172362999961549e-02 2.921620483000006083e-02 3.328919356283933928e-02 2.700463408000032192e-02 2.595629578999942080e-02 2.752603759000048569e-02 6.997833250000257653e-03 2.701687011999892932e-02 3.651022245284111373e-02 2.681693954999957510e-02
9.203013922029998639e+01 1.372666932000429427e-02 2.645773009999777617e-02 2.882900390000068050e-02 2.731868694666579958e-02 3.614832757617307546e-02 2.709764850333351571e-02 3.042642719666664719e-02 2.901030272999996495e-02 2.322473145999974856e-02 3.151497155283989465e-02 3.098936328000027191e-02 2.997653198999978424e-02 2.700616761000055807e-02 2.354049986000027184e-02 2.899447021999803850e-02 3.351332381284102824e-02 2.699720000000015857e-02 2.577606812000012709e-02 2.771833495999890054e-02 6.803393560001859582e-03 2.720660399999760490e-02 3.651139355284394733e-02 2.675177612999780213e-02
9.303013922029998639e+01 1.376026612000132501e-02 2.651266479999924222e-02 2.896930236000043804e-02 2.702616882000002246e-02 3.621065275283762847e-02 2.727347335000231479e-02 3.026709900000080361e-02 2.901753539999990528e-02 2.339720153999951327e-02 3.135311376284000834e-02 3.099658242000032093e-02 3.035773162999939878e-02 2.682923431000053954e-02 2.348652648999996137e-02 2.917890623999919511e-02 3.317106460284069414e-02 2.700792847999982857e-02 2.573916928999970058e-02 2.790459900999994747e-02 6.606463619999704273e-03 2.741073606999998302e-02 3.634049666283827029e-02 2.670594024000185959e-02
9.403013922029998639e+01 1.375616914000129393e-02 2.651803131000144559e-02 2.921866759000040642e-02 2.699886780000088082e-02 3.602395079283596951e-02 2.748504562000161910e-02 3.002879792000041903e-02 2.918630370000028021e-02 2.348275756999937749e-02 3.131314261284098843e-02 3.099625967999982204e-02 3.064655202333391171e-02 2.640311074666629870e-02 2.366013185999909021e-02 2.930723875999974651e-02 3.300846311284096751e-02 2.678026198999977972e-02 2.575196839000054583e-02 2.816123045999847918e-02 6.332037359999958225e-03 2.768350220000138570e-02 3.629942533284193085e-02 2.670677107999820318e-02
9.503013922029998639e+01 1.391713410000084035e-02 2.669199980499927308e-02 2.891210176499953502e-02 2.703586424000095634e-02 3.595966474283777969e-02 2.750596772000135290e-02 3.024069518000053330e-02 2.913940125000081052e-02 2.349946899999922484e-02 3.113015519283992422e-02 3.098348446000015466e-02 3.113598937999971158e-02 2.614172973000022590e-02 2.360917358999868251e-02 2.914349364000226941e-02 3.300326369283923533e-02 2.676236878000018068e-02 2.575163267999960176e-02 2.835989074000026464e-02 6.172338879999006260e-03 2.784420166000199995e-02 3.612906019283982501e-02 2.709936828499869693e-02
9.603013922029998639e+01 1.387959594000130921e-02 2.698023680999779225e-02 2.853210451000049927e-02 2.709412842000019639e-02 3.607790889283932906e-02 2.745115433999744878e-02 3.035753478000281086e-02 2.913413087999942863e-02 2.343866576000000479e-02 3.095775301284022646e-02 3.107646006000004332e-02 3.142011567000008859e-02 2.600636596999975070e-02 2.354210204999981210e-02 2.909879148999898468e-02 3.305580275284139558e-02 2.680746460000045864e-02 2.565613707999946091e-02 2.839266357999876977e-02 6.072460940000018806e-03 2.794860229000187268e-02 3.595093366283981517e-02 2.730573883999916351e-02
9.703013922029998639e+01 1.375559846000105543e-02 2.700373534000120868e-02 2.851206666000070944e-02 2.724153441999951561e-02 3.608857861284195390e-02 2.742438202999765082e-02 3.025423432999980317e-02 2.926193235999962824e-02 2.342677001000120079e-02 3.100676109283938275e-02 3.105382986000008658e-02 3.127010498999952676e-02 2.600119627999956592e-02 2.347573852000059413e-02 2.926986084000091082e-02 3.297406447283958431e-02 2.680279847999991055e-02 2.574140012999996674e-02 2.823013304999913084e-02 6.260736090000136936e-03 2.776732789000088686e-02 3.590881887950720525e-02 2.735028279333246229e-02
9.803013922029997218e+01 1.365626424666454598e-02 2.716070048333467726e-02 2.851846312999987282e-02 2.716717530000169190e-02 3.633013439283822726e-02 2.738212587000161957e-02 3.004986876999921758e-02 2.927293092000036318e-02 2.367423704999964754e-02 3.082143346283958141e-02 3.099645730000029353e-02 3.131986693999933707e-02 2.599759521000014409e-02 2.343897094999992936e-02 2.944956665000063312e-02 3.300389615283950279e-02 2.657713242000027051e-02 2.558830057666636876e-02 2.844636433333362288e-02 6.193634039998869613e-03 2.783946532999980253e-02 3.589187909617419514e-02 2.748175506666734533e-02
9.903013922029997218e+01 1.351572060999944869e-02 2.755589907000196431e-02 2.851842955000101834e-02 2.697813414999836873e-02 3.646247541284101251e-02 2.744039307000057173e-02 2.979816436999847135e-02 2.933450011000095572e-02 2.367749938999913831e-02 3.075926145284054239e-02 3.124062760000010860e-02 3.146155638999989512e-02 2.584101562999858298e-02 2.338333740000089062e-02 2.952043456999963247e-02 3.282649214284122374e-02 2.650146941999919487e-02 2.548666381999937711e-02 2.879406128000118817e-02 5.962200919998577285e-03 2.808063354000041659e-02 3.571386015283933152e-02 2.766457749000130611e-02
1.000301392202999722e+02 1.352688801666470167e-02 2.761049804999950175e-02 2.852210388000094021e-02 2.699452820000005845e-02 3.644240591284032826e-02 2.744532584999687802e-02 2.961860198000233757e-02 2.950656432999967244e-02 2.346859741999942489e-02 3.087721997284072553e-02 3.151744386000000092e-02 3.145010377000034829e-02 2.542413022999899172e-02 2.350149537000106523e-02 2.962653808999893973e-02 3.258972912284063828e-02 2.657260437000040845e-02 2.549839782999988383e-02 2.871553344999847393e-02 5.969995120001840572e-03 2.831726683999877259e-02 3.549786589283903532e-02 2.786166914000225495e-02
1.010301392202999722e+02 1.352113341999938712e-02 2.779499510999978648e-02 2.852320252000135892e-02 2.697799682999902846e-02 3.651761723284144279e-02 2.720678292000084167e-02 2.978253479999714431e-02 2.951093137999996618e-02 2.331989746000181357e-02 3.091854850283887179e-02 3.145088338999980915e-02 3.164643249000073655e-02 2.516569824999824109e-02 2.349786376000265534e-02 2.984523925999965285e-02 3.236782667283862047e-02 2.682627259000000888e-02 2.548919676999939973e-02 2.846687012000184008e-02 6.015795900000375437e-03 2.850620115999772525e-02 3.550292953284224506e-02 2.776779936999903414e-02
1.020301392202999722e+02 1.351696624999749498e-02 2.798676605000093714e-02 2.851046447999979264e-02 2.672800597999885203e-02 3.676748182284209077e-02 2.700291137000021893e-02 2.982183226999861672e-02 2.950866394999975342e-02 2.349523619999963411e-02 3.069171888284079330e-02 3.146661071000030757e-02 3.177083130999962951e-02 2.508670043999955065e-02 2.354805602333362793e-02 2.994720459666568718e-02 3.221126614284132439e-02 2.697213973999932832e-02 2.526926270000112718e-02 2.847910157000005729e-02 5.999932859998080049e-03 2.858270263000012995e-02 3.549982511284033304e-02 2.770703048000016169e-02
1.030301392202999722e+02 1.352843473999819184e-02 2.812048034500169366e-02 2.855270538833416458e-02 2.645394286666609071e-02 3.700116177783929761e-02 2.669990616500144895e-02 2.991029815999884239e-02 2.949959716000084831e-02 2.350537108999996988e-02 3.074773371283938406e-02 3.132569140999985624e-02 3.168806915000059454e-02 2.525639955000078679e-02 2.348846739999862696e-02 3.008712769000121759e-02 3.218853435283910991e-02 2.673566743000046694e-02 2.521276652333180948e-02 2.855122884666779978e-02 5.986132799999904774e-03 2.884490357000031591e-02 3.541562788283918184e-02 2.775193328000043549e-02
1.040301392202999722e+02 1.350573272999608908e-02 2.826986694000245201e-02 2.832316284999978825e-02 2.668762816999951590e-02 3.704920637283939944e-02 2.646686554000188957e-02 2.972807005999877558e-02 2.948026734000086524e-02 2.350853271999803901e-02 3.078845943284061470e-02 3.149393021999994519e-02 3.151946718000035730e-02 2.520799559999868655e-02 2.349153440000081861e-02 3.029953616000129885e-02 3.206813182283897029e-02 2.665493468999993731e-02 2.532666829999992777e-02 2.846533610000138992e-02 5.956329339998774584e-03 2.909106446000078033e-02 3.516892987283790767e-02 2.775509796000135213e-02
1.050301392202999722e+02 1.331126404000096929e-02 2.846440122999940869e-02 2.851586610000085911e-02 2.649593199999944818e-02 3.702953932284290539e-02 2.648266295999928896e-02 2.972633055999778992e-02 2.946226502000063099e-02 2.334099427999899654e-02 3.096706800284057537e-02 3.149903745999990679e-02 3.151686401000006188e-02 2.502482606000048723e-02 2.366280515999969955e-02 3.031753540999925292e-02 3.204399396284082074e-02 2.648426665999941212e-02 2.552260131999937662e-02 2.845109862999961603e-02 5.737835690002248204e-03 2.925338542666577196e-02 3.504727968617517286e-02 2.771346587999744260e-02
1.060301392202999722e+02 1.327180022999818916e-02 2.848643341000008447e-02 2.851556700999935759e-02 2.649609681000001868e-02 3.700449048284062958e-02 2.650401307000138304e-02 2.975666503999839160e-02 2.949786375999974633e-02 2.326666870000044726e-02 3.097859470283954170e-02 3.148607034999999915e-02 3.153663024000016163e-02 2.498999939999994174e-02 2.375690002000046749e-02 3.025103759999910741e-02 3.202862760284026777e-02 2.649989853000042639e-02 2.549156800000055081e-02 2.849193113999936092e-02 5.748797619999095401e-03 2.921733396000054245e-02 3.504376738284190745e-02 2.776090316999782481e-02
1.070301392202999722e+02 1.345290070000337498e-02 2.848670348999751342e-02 2.850749511000030822e-02 2.631174010999966575e-02 3.701455213284061962e-02 2.668230744000174917e-02 2.980819853999876201e-02 2.926753234999923681e-02 2.326193849000119523e-02 3.106947509283897874e-02 3.158314923000011404e-02 3.151996918000040532e-02 2.499869384999837962e-02 2.354726868500147188e-02 3.045983886500034862e-02 3.202329388283926825e-02 2.634102632000067529e-02 2.566830748999927858e-02 2.831162414999998864e-02 5.975140369999280658e-03 2.920717163000081246e-02 3.481482221283804107e-02 2.777546845000199507e-02
1.080301392202999722e+02 1.334721680000220713e-02 2.867654723000034531e-02 2.849490203999885049e-02 2.613421631000091908e-02 3.700323316283902347e-02 2.688031463500083207e-02 2.945579071499980842e-02 2.931492920000018654e-02 2.314259642999968655e-02 3.099839903784015749e-02 3.185099502500033514e-02 3.139886780000015337e-02 2.501086424000095731e-02 2.351812743999762492e-02 3.047293703999894368e-02 3.202793407284209443e-02 2.677650573199992848e-02 2.557653228799987299e-02 2.793115692000137582e-02 6.194036859998595761e-03 2.903136598000128146e-02 3.462492911950394020e-02 2.823093770333491570e-02
1.090301392202999722e+02 1.304163056000252202e-02 2.898286131999796081e-02 2.848910827999934572e-02 2.600520019000105224e-02 3.699410002283985005e-02 2.701652907999814446e-02 2.913926849000147284e-02 2.941872864000033561e-02 2.283906554999994010e-02 3.110864360617333554e-02 3.212245515666648649e-02 3.144973145000076048e-02 2.494416504000037185e-02 2.330593259999877778e-02 3.068256837000080811e-02 3.202786237283928444e-02 2.699796905000002856e-02 2.528550415999998233e-02 2.783719483000022740e-02 6.375836180000623958e-03 2.901303099999931814e-02 3.426042691284092445e-02 2.874910202999910944e-02
1.100301392202999722e+02 1.301139525999897226e-02 2.901053162000191699e-02 2.849887085999944225e-02 2.600060423999966605e-02 3.699447767283708943e-02 2.702218322000117176e-02 2.925363161000152715e-02 2.922950133000122228e-02 2.276112670999864279e-02 3.125614454284016130e-02 3.225058746000004223e-02 3.151706695500033906e-02 2.474840088499986532e-02 2.324039917000045655e-02 3.074979856999998304e-02 3.202439865283907006e-02 2.698633270000063908e-02 2.522259521999949475e-02 2.809616698000027071e-02 6.372808839999197575e-03 2.882810058000031747e-02 3.418678875284094504e-02 2.882360687999919319e-02
1.110301392202999722e+02 1.301956328999949626e-02 2.899480438000048149e-02 2.850766297000081884e-02 2.600236815999960524e-02 3.693861372283863825e-02 2.699748228999960739e-02 2.946190034000121735e-02 2.903346557000113445e-02 2.295122985999914836e-02 3.113384229283994858e-02 3.237211913999972490e-02 3.150266724000066326e-02 2.456930236999906036e-02 2.343113403000024811e-02 3.062993164000072169e-02 3.202793027283971916e-02 2.697696915000015114e-02 2.539206237999969834e-02 2.806933592999994245e-02 6.423065190001216521e-03 2.863163452000008075e-02 3.417732680284098212e-02 2.883367309999760111e-02
1.120301392202999722e+02 1.282915955800040080e-02 2.898979796000078143e-02 2.843146668000117588e-02 2.606199950999871229e-02 3.689790555284126056e-02 2.679815598000132026e-02 2.952860411999738352e-02 2.897959596000146062e-02 2.301246947999752504e-02 3.131851636284120610e-02 3.219020996999989032e-02 3.150333556000041446e-02 2.434504395333254856e-02 2.383842162666793482e-02 3.057156372999743355e-02 3.201829892284169948e-02 2.723289138400025386e-02 2.520977599599980370e-02 2.780673524000012650e-02 6.681628410000120880e-03 2.858457032000005782e-02 3.398306409284123503e-02 2.926238402999840546e-02
1.130301392202999722e+02 1.256296843000163747e-02 2.905983428999773036e-02 2.837136842000036185e-02 2.594470215000037674e-02 3.707399579284101354e-02 2.662386016999953448e-02 2.950303649999934733e-02 2.896445922000057127e-02 2.301747435999859648e-02 3.153221266284097352e-02 3.183251545666682114e-02 3.164799909333280981e-02 2.420400388000125413e-02 2.416560060000047180e-02 3.034426267999806512e-02 3.202412855284075821e-02 2.767553406000006211e-02 2.501366882999937064e-02 2.762473755000100992e-02 6.864660639999783931e-03 2.837770690499746840e-02 3.394822522783942642e-02 2.969099731000262796e-02
1.140301392202999722e+02 1.249366150000132646e-02 2.930900573999845049e-02 2.819719847999804102e-02 2.604716187000158389e-02 3.697189924283884183e-02 2.678793181999935755e-02 2.950533752000067053e-02 2.873342895999958166e-02 2.301363525000051438e-02 3.178788282284065320e-02 3.147198181999951577e-02 3.176660155000063379e-02 2.423246461000089919e-02 2.426123046999855565e-02 3.027152709000219960e-02 3.200497115283817279e-02 2.769546356000064311e-02 2.517426756000059121e-02 2.762500000000000025e-02 6.709863279998535580e-03 2.828574220000300635e-02 3.401299115283763774e-02 2.971033173999915178e-02
1.150301392202999722e+02 1.250862732999958107e-02 2.931383972000060206e-02 2.818829954999964651e-02 2.599722900999913711e-02 3.698809338284191062e-02 2.683527071000135072e-02 2.950216825999689430e-02 2.868593750000145506e-02 2.300192871000035499e-02 3.201749966283912174e-02 3.121716355999965345e-02 3.178996888000037990e-02 2.421933288000000309e-02 2.426929321000061493e-02 3.050713501999707811e-02 3.182703152284213632e-02 2.768876877000038886e-02 2.538587340666708866e-02 2.734802247333282046e-02 6.742803939999430195e-03 2.833179932000057244e-02 3.393659574284101782e-02 2.998807968599917495e-02
1.160301392202999722e+02 1.251849824000091788e-02 2.930916594999891794e-02 2.818856507000018496e-02 2.598196714999939996e-02 3.675014555284288054e-02 2.701448287999955872e-02 2.950010070999726369e-02 2.874727172999991948e-02 2.299573364000243730e-02 3.200892851283890922e-02 3.098813094000061122e-02 3.202000121999881016e-02 2.400067138000012978e-02 2.451622316000139079e-02 3.050650023999769422e-02 3.174286481284127603e-02 2.814780077142853623e-02 2.511379742857140079e-02 2.699813843999872981e-02 6.838696280001022379e-03 2.836325277333428402e-02 3.380291221950708358e-02 3.066607055499864440e-02
1.170301392202999722e+02 1.254120179000019555e-02 2.937415464999960577e-02 2.812324219000001888e-02 2.576693114999798265e-02 3.673808730284217755e-02 2.698717650999606088e-02 2.950606690000151869e-02 2.879166870000189962e-02 2.298966673999966459e-02 3.199761449283980430e-02 3.097581673999975568e-02 3.204583282000093847e-02 2.400240480000065749e-02 2.470586545999976791e-02 3.051789549999812251e-02 3.151916181284088875e-02 2.876739959999940685e-02 2.451007080000126848e-02 2.700180053999938490e-02 7.041693119998672368e-03 2.816423950000025711e-02 3.383382627284154537e-02 3.096070021999933197e-02
1.180301392202999722e+02 1.272146910000010456e-02 2.926419982999961880e-02 2.823985900999978135e-02 2.576697388000029690e-02 3.673612501283932824e-02 2.696730041000118885e-02 2.934119872999892825e-02 2.898310547000146342e-02 2.276373290999908830e-02 3.251367006084030647e-02 3.045489207200034742e-02 3.227493592000028194e-02 2.376536559999876605e-02 2.475189820000086791e-02 3.070745849999948276e-02 3.152100201283995068e-02 2.877740020999990447e-02 2.449870300000038525e-02 2.700323181999992814e-02 6.984100339999713310e-03 2.803063354999758144e-02 3.396369382284464972e-02 3.103136671999766338e-02
1.190301392202999722e+02 1.276866607000410984e-02 2.923456420999739208e-02 2.825036010999901898e-02 2.576320191000122661e-02 3.675010512284061087e-02 2.700749511999893035e-02 2.925583494000040877e-02 2.923180237000051404e-02 2.252217100999987301e-02 3.299275782617282909e-02 3.001123218666686479e-02 3.226049804000067495e-02 2.374416809999966085e-02 2.474623411999928024e-02 3.075689698000060035e-02 3.167623044283957023e-02 2.858930130999979072e-02 2.450103453000046852e-02 2.700916749000025277e-02 6.943463139999948679e-03 2.803420409999962323e-02 3.398832531284133596e-02 3.103673096999866668e-02
1.200301392202999722e+02 1.277147062999720202e-02 2.923192903000037743e-02 2.825609739999927067e-02 2.593357545000035333e-02 3.680977001284190669e-02 2.700238647999940456e-02 2.920204162000029566e-02 2.941973063666568008e-02 2.238809408333423956e-02 3.276934338283897519e-02 3.000335235999978048e-02 3.207540130666797218e-02 2.394080506333217534e-02 2.492085876000055614e-02 3.080490112000115743e-02 3.153649732283831525e-02 2.867110289999982506e-02 2.449976197000068925e-02 2.700593870999873705e-02 7.283260504000941410e-03 2.771330932600073876e-02 3.377494565783854125e-02 3.123490677500033105e-02
1.210301392202999722e+02 1.293396759999741394e-02 2.907839508999916084e-02 2.824806822000100470e-02 2.600193482000031503e-02 3.676204892284003906e-02 2.704728164999687517e-02 2.937183532000365097e-02 2.933096313999994723e-02 2.226663207999808949e-02 3.274989053284082380e-02 2.998766880000057478e-02 3.201660461999999985e-02 2.400527344000001964e-02 2.515202635999885458e-02 3.059169312000158125e-02 3.152580395283859777e-02 2.907733460500057723e-02 2.416679687499854318e-02 2.699527588000055420e-02 7.849441525001020492e-03 2.730385436499927973e-02 3.376730888950794235e-02 3.125255026333247782e-02
1.220301392202999722e+02 1.301712950000073754e-02 2.913026427999886731e-02 2.833472902000212443e-02 2.582407835999765700e-02 3.670708601284131817e-02 2.704483642000123089e-02 2.959713897999774815e-02 2.915853272000094865e-02 2.208669432999886204e-02 3.292577804284094189e-02 2.995441588000039707e-02 3.223437040999924813e-02 2.400973817000049207e-02 2.514492491999990170e-02 3.055040284000279036e-02 3.134719831283748481e-02 2.946586456000004420e-02 2.382093506000019373e-02 2.699526978000067051e-02 8.186193839999031732e-03 2.718320313000003804e-02 3.385245343617182545e-02 3.100420684666723922e-02
1.230301392202999722e+02 1.286564433333114640e-02 2.940262044666617364e-02 2.823612976000004077e-02 2.577037352999759709e-02 3.673385602284542917e-02 2.701296845999895738e-02 2.975826415999783744e-02 2.900047607000160593e-02 2.199955749999935387e-02 3.301331206283959763e-02 2.994398604000016520e-02 3.230853575999936139e-02 2.400240478000196034e-02 2.524229736999841420e-02 3.046523437000287285e-02 3.150275938283723237e-02 2.930363237000019674e-02 2.375200194000062770e-02 2.699663695999916097e-02 8.244427500000164888e-03 2.720140380000229952e-02 3.431850110083585481e-02 3.049088745200183304e-02
1.240301392202999722e+02 1.269677122999855745e-02 2.951559755999935697e-02 2.829335935999988463e-02 2.587550659000116896e-02 3.663092481283820173e-02 2.700820160000002787e-02 2.969279633000135310e-02 2.918670958000002535e-02 2.181696472000039730e-02 3.319686854283934035e-02 2.998448962999996151e-02 3.209483948999986708e-02 2.404666441000008481e-02 2.513883973000047289e-02 3.073679200000042216e-02 3.152296354283919133e-02 2.905366743000049531e-02 2.393533326000033337e-02 2.681152952999982589e-02 8.309802249999484469e-03 2.744006958999961956e-02 3.451882688283804124e-02 3.006132889000239297e-02
1.250301392202999722e+02 1.250906983000168136e-02 2.957833404000141317e-02 2.848450316999806206e-02 2.568522949999896970e-02 3.682277051284327252e-02 2.694275665000022899e-02 2.956833344999924840e-02 2.918826598000014150e-02 2.175376586999773140e-02 3.343458015284138385e-02 2.981178350999984933e-02 3.202026978000067220e-02 2.423723142999952007e-02 2.499338379999972021e-02 3.095401610999979139e-02 3.151103040284017331e-02 2.880493165000007003e-02 2.400446775999880503e-02 2.675552979000203613e-02 8.559301759999653550e-03 2.743687133999919703e-02 3.456742690284154290e-02 3.019838743199877718e-02
1.260301392202999722e+02 1.251260069999843814e-02 2.979833374000029345e-02 2.851463623000017808e-02 2.549802857000031675e-02 3.694537411284109368e-02 2.666758651999698651e-02 2.988616790000107881e-02 2.898523356666750025e-02 2.190013021333239718e-02 3.350452129284033076e-02 2.963071261000013723e-02 3.201359862000026368e-02 2.417279969000082906e-02 2.517506713999901127e-02 3.102530516999832053e-02 3.148382550284170578e-02 2.864599762999932991e-02 2.398699950999944042e-02 2.687440796000009971e-02 8.589190670000971389e-03 2.743313598999811906e-02 3.446073133284226209e-02 3.056253050999969273e-02
1.270301392202999722e+02 1.251640320000005878e-02 2.984329834000257198e-02 2.865109862000099483e-02 2.566291504499968248e-02 3.655024090784136231e-02 2.653303833999670971e-02 3.010637053999982993e-02 2.899874878000118644e-02 2.186654051999794429e-02 3.349573175284206034e-02 2.996735706499984928e-02 3.200409851499971120e-02 2.383195342000035341e-02 2.535099487999977960e-02 3.086526490000251338e-02 3.164946652283781581e-02 2.865533828999978008e-02 2.385192565999896125e-02 2.691047058000112929e-02 8.627532960000098769e-03 2.731633300000103209e-02 3.466019347283872537e-02 3.061933364000017296e-02
1.280301392202999580e+02 1.266092529333352583e-02 2.993647766666613155e-02 2.848256835999927669e-02 2.601459960999927615e-02 3.618678419284115239e-02 2.647587586999870790e-02 3.033843076000068695e-02 2.899927064000075785e-02 2.169246216000174018e-02 3.349782105283864025e-02 3.031307811000047078e-02 3.201753845999846804e-02 2.348469543000101037e-02 2.551003112999896891e-02 3.052426350333505359e-02 3.199020395950569889e-02 2.850649946999983531e-02 2.400996095000082139e-02 2.668067625999974435e-02 8.810791020000761573e-03 2.717773436000133977e-02 3.482839491283812317e-02 3.069927063000016040e-02
1.290301392202999580e+02 1.316342011500237254e-02 2.960361480500016407e-02 2.848636778999934921e-02 2.610370179000165089e-02 3.615190259283699442e-02 2.625169372000091261e-02 3.059656067000053256e-02 2.900137023999995942e-02 2.165276488999952689e-02 3.350141355284069755e-02 3.025928574000008586e-02 3.210720366999957748e-02 2.348199463000055429e-02 2.543159789000055612e-02 3.023336792999907485e-02 3.227800122284008727e-02 2.849862977000048106e-02 2.401716002999965127e-02 2.673460998999944299e-02 8.746600330001092632e-03 2.724292603000067273e-02 3.476816542283922562e-02 3.077650755999950319e-02
1.300301392202999580e+02 1.354390562000335266e-02 2.921466369999855053e-02 2.849160155999998223e-02 2.634213258999807197e-02 3.591486568284162767e-02 2.628416520000027845e-02 3.076375732000035529e-02 2.899380493999924660e-02 2.145767211999918822e-02 3.355202637284085410e-02 3.021950053999998900e-02 3.229472807999918260e-02 2.348587038000114410e-02 2.522399292000045493e-02 3.025137327999691608e-02 3.225743391284215805e-02 2.849266510000015781e-02 2.402319336000073233e-02 2.677921141999831806e-02 8.730090330001258336e-03 2.723276977999921494e-02 3.475473004283849421e-02 3.099853668000162113e-02
