# r	vx_0	vx_1	vx_2	vx_3	vx_4	vx_5	vx_6	vx_7	vx_8	vx_9	vx_10	vx_11	vx_12	vx_13	vx_14	vx_15	vx_16	vx_17	vx_18	vx_19	vx_20	vx_21	vx_22	
2.030139220299999714e+00 2.075120239000000436e-02 3.026539061284001797e-02 3.007539901000000002e-02 2.694781036999998464e-02 3.556545409000000380e-02 3.041403809000000832e-02 2.627687971284001223e-02 2.824038392000000064e-02 3.199439848999999225e-02 2.075917053000000609e-02 3.000172730000000287e-02 3.025659123283999316e-02 2.850487250999999417e-02 1.497703247000000543e-02 3.451490173999999245e-02 2.741789856000000428e-02 3.157490233999998841e-02 2.851602766284001833e-02 2.526409760999999768e-02 3.899740295999998968e-02 1.932466427999997988e-02 2.044497072000003857e-02 2.723910561283999013e-02
3.030139220299999714e+00 2.052839965999996713e-02 3.031006071284002637e-02 3.000096512999999784e-02 2.720264128999996811e-02 3.528966063000002484e-02 3.051083375000000764e-02 2.621482755284000599e-02 2.847407149999998943e-02 3.182703248000000318e-02 2.093287049000000510e-02 2.975902403999998447e-02 3.032487546284001398e-02 2.850239183000000467e-02 1.514906462999999863e-02 3.433316650999999886e-02 2.721022946999998929e-02 3.215900065999997837e-02 2.830759615284001232e-02 2.505010071000000893e-02 3.899180907999998807e-02 1.934336852999999842e-02 2.048325806000002650e-02 2.740890275283998020e-02
4.030139220299998826e+00 2.049807127999997772e-02 3.030679609284000001e-02 2.999913177999996919e-02 2.723559570000002109e-02 3.524980467999998951e-02 3.051752930000002292e-02 2.623342267283999135e-02 2.848910979999998150e-02 3.179620058000002386e-02 2.100487059999998213e-02 2.973282469999997957e-02 3.027850249284002801e-02 2.849633103999999612e-02 1.519413756000001330e-02 3.417159421999997615e-02 2.734120484000002183e-02 3.229339601999997589e-02 2.801049479284001623e-02 2.522063445999999515e-02 3.898187256000001238e-02 1.925743408999996964e-02 2.054949341000001511e-02 2.750151847284000584e-02
5.030139220299998826e+00 2.049793702000001633e-02 3.007276746283994370e-02 3.018069457999998650e-02 2.721306456999998333e-02 3.542848816333334788e-02 3.017974853666667220e-02 2.640107938284002101e-02 2.848751755999999816e-02 3.163013610000000447e-02 2.118923339999998975e-02 2.964713134000001096e-02 3.035798093283999591e-02 2.831824723000002028e-02 1.537303466999996940e-02 3.405546873999999030e-02 2.744242555000000680e-02 3.212910155000000406e-02 2.799343168284000247e-02 2.540716631000000322e-02 3.897830350999999943e-02 1.932109984999999530e-02 2.051773682000002791e-02 2.730302679283997877e-02
6.030139220299998826e+00 2.048680420000000696e-02 3.000612927283994105e-02 3.018486328999999899e-02 2.707640075000001742e-02 3.573406678000005943e-02 3.001153563999996512e-02 2.626982022283998533e-02 2.848667525999998285e-02 3.175770264999999010e-02 2.124979553000000410e-02 2.949966736000001269e-02 3.049966984284001315e-02 2.826232491999999125e-02 1.518629760000001112e-02 3.430983885999996930e-02 2.719113159000003180e-02 3.232587280999996149e-02 2.798405745284003251e-02 2.522066649999999202e-02 3.897910002999997042e-02 1.952669372999998876e-02 2.055460816000004298e-02 2.724921971284000044e-02
7.030139220299998826e+00 2.065257568333333724e-02 2.983935377950667697e-02 2.999939421999999953e-02 2.714123687000001214e-02 3.585226745999998271e-02 3.001789551000001721e-02 2.632708111283998259e-02 2.831088716000001657e-02 3.187943115000000521e-02 2.112456664999999567e-02 2.967970275999996452e-02 3.031104185284002120e-02 2.846361617999999122e-02 1.498913117000001856e-02 3.443177184000005553e-02 2.700583190999996178e-02 3.258359984999998488e-02 2.798549558283997332e-02 2.496035741333337346e-02 3.904790751666664672e-02 1.971427102999998709e-02 2.079524739999999428e-02 2.694484236284001855e-02
8.030139220299998826e+00 2.105629271999996319e-02 2.944163039284003469e-02 2.986991883000000500e-02 2.745657959000002285e-02 3.567513426999994325e-02 3.003420409000000235e-02 2.649321501284005245e-02 2.830424727999999307e-02 3.171759643999993994e-02 2.128599854000005898e-02 2.968704223000000891e-02 3.030468122283999644e-02 2.853980865999997119e-02 1.498512571999999557e-02 3.419500731999997045e-02 2.700773928000000865e-02 3.279946288000003263e-02 2.800365889284000750e-02 2.505607756666665409e-02 3.895392455333342857e-02 1.972100219999993118e-02 2.103726196000007057e-02 2.650447485283994112e-02
9.030139220299998826e+00 2.130598753999984191e-02 2.918813382284017599e-02 2.963235702999997279e-02 2.805122681333331938e-02 3.535441282666664659e-02 3.017177124999998253e-02 2.634416334284007954e-02 2.848993529999998067e-02 3.176672974000002703e-02 2.124132993999994570e-02 2.948370363000001396e-02 3.051140272284003432e-02 2.851043089999998406e-02 1.499012146000000024e-02 3.417191161999999505e-02 2.710023498000002640e-02 3.273759155999996645e-02 2.799123136284001681e-02 2.515900345000000177e-02 3.887629852000004660e-02 1.968086548000001074e-02 2.096027222000002369e-02 2.650050793283992290e-02
1.003013922029999883e+01 2.149639892000013847e-02 2.900153181283997295e-02 2.925442840400000952e-02 2.876023987600001552e-02 3.524399412999992126e-02 3.000240479000003749e-02 2.651640226284002894e-02 2.849606094999996772e-02 3.174289702999994606e-02 2.125440063000007609e-02 2.926123655999999726e-02 3.074354384284000777e-02 2.827664794999997303e-02 1.497312927000002750e-02 3.424173889000003274e-02 2.727479857999999188e-02 3.275210571999997294e-02 2.775842419284002896e-02 2.515677032999997370e-02 3.910302886999997979e-02 1.950073548000000323e-02 2.100166626000000286e-02 2.650261155284001566e-02
1.103013922029999883e+01 2.149449462000011316e-02 2.910276853283983237e-02 2.870926589999994727e-02 2.929186402000004755e-02 3.524139709999990488e-02 3.000454102000003204e-02 2.649381008284008160e-02 2.850258103000003276e-02 3.151430663999994775e-02 2.150196227999997406e-02 2.918013306000002624e-02 3.080429975284001629e-02 2.827969513000001475e-02 1.474073180000000372e-02 3.448336791999995210e-02 2.720336915000004865e-02 3.281266478999997349e-02 2.774165936284001682e-02 2.496180573999999888e-02 3.930672912999998853e-02 1.950617063999998332e-02 2.116600749666674650e-02 2.634549631617328497e-02
1.203013922029999883e+01 2.150063476999984971e-02 2.928302900284004279e-02 2.847206877999992544e-02 2.951706542000010966e-02 3.520359497999998172e-02 2.998900146000014338e-02 2.631833479283984464e-02 2.849946136000003349e-02 3.150719909999998014e-02 2.174493712999999231e-02 2.899706727000000289e-02 3.073853894283998939e-02 2.851658632999998569e-02 1.451659847999999323e-02 3.448793335999998655e-02 2.721973265999997824e-02 3.279814454000006679e-02 2.773515377283999883e-02 2.496316909999998085e-02 3.930606690000004039e-02 1.951820067999997244e-02 2.149892577999999027e-02 2.598185255284002002e-02
1.303013922029999705e+01 2.152212522999980004e-02 2.923500043284018440e-02 2.831226350000001779e-02 2.966159972000004946e-02 3.526217041999989144e-02 2.999183350000002996e-02 2.627271863284002043e-02 2.849307555999998701e-02 3.117861785499994806e-02 2.208511504500004427e-02 2.903199767999999417e-02 3.051030257284001110e-02 2.870669402000003076e-02 1.450747377999996382e-02 3.433299254000003048e-02 2.742510679999998063e-02 3.274883423999999654e-02 2.774695950283998999e-02 2.500616379000007369e-02 3.925840147999997559e-02 1.951472780000003751e-02 2.149086913999999696e-02 2.580477469283994074e-02
1.403013922029999705e+01 2.125421142800005408e-02 2.972748548483998554e-02 2.805639494999995903e-02 2.991899873000011117e-02 3.508343810999985796e-02 2.999769896999987528e-02 2.622044583284018765e-02 2.848684921999999897e-02 3.088769124666663340e-02 2.237537637333341517e-02 2.904393922999993355e-02 3.067992764283999224e-02 2.852552565999999512e-02 1.473994293000005160e-02 3.407322997999990416e-02 2.750966492000008964e-02 3.292077025999994716e-02 2.794037102283999582e-02 2.464665121000001249e-02 3.919750365999988967e-02 1.951006775000014432e-02 2.172539673000010302e-02 2.557840787283987422e-02
1.503013922029999705e+01 2.115883788000046464e-02 3.001879713283963150e-02 2.798793029999997045e-02 3.000307008000017983e-02 3.500593259999986578e-02 2.983789672999992079e-02 2.643566190284009354e-02 2.847657088999996922e-02 3.060473022999994977e-02 2.265661012000002791e-02 2.899586180000005703e-02 3.075982993283999864e-02 2.850372428000001734e-02 1.493475239999993327e-02 3.382075602000022413e-02 2.750426025999988880e-02 3.299874267999991506e-02 2.800372449283997783e-02 2.451133423999999478e-02 3.925743101000007257e-02 1.949643250999997732e-02 2.175126342000003113e-02 2.533669663283997023e-02
1.603013922029999705e+01 2.089738770000003701e-02 3.013891661283998880e-02 2.832658665333328760e-02 2.966891886666671654e-02 3.522872619999998373e-02 2.962107544000027598e-02 2.647669812283973134e-02 2.865408934999991164e-02 3.037700196000005237e-02 2.266316833000003167e-02 2.899246521000000201e-02 3.080858060284001609e-02 2.851375199000001290e-02 1.516649321999998315e-02 3.375937195000006108e-02 2.749573668999994586e-02 3.298966064999997450e-02 2.779106351283996967e-02 2.450516434000001020e-02 3.931750335000006036e-02 1.953609925999990130e-02 2.188563231000025672e-02 2.525455496283982373e-02
1.703013922029999705e+01 2.079133301999972969e-02 3.020759869284013466e-02 2.851313323999984245e-02 2.948727112000015110e-02 3.528673095999983883e-02 2.941553345000029462e-02 2.661587048283984083e-02 2.869945984000005570e-02 3.020139770999994561e-02 2.281260681000005577e-02 2.898413086000000555e-02 3.080581191283995532e-02 2.851724851999993052e-02 1.518959962000008060e-02 3.368926390000014787e-02 2.761453859999985633e-02 3.287933347999996703e-02 2.784019299284000090e-02 2.449432983999995372e-02 3.931120606000004097e-02 1.945419311000005230e-02 2.203907470999984242e-02 2.522615625284013383e-02
1.803013922029999705e+01 2.081400146999985712e-02 3.025719435284033795e-02 2.843730162999995661e-02 2.966905313000012256e-02 3.494497883999987675e-02 2.939526977999994475e-02 2.663927900284009109e-02 2.885951537999999206e-02 3.001666413000002656e-02 2.299754027999999922e-02 2.905822448999997518e-02 3.056633207284000994e-02 2.886263146999995532e-02 1.500866903000002729e-02 3.358544007000009712e-02 2.774509275999991961e-02 3.267713013999999638e-02 2.802033445283997129e-02 2.449336318000005022e-02 3.914020386999982060e-02 1.968903196999999619e-02 2.180866698999998216e-02 2.539155133284018429e-02
1.903013922029999705e+01 2.106243286999961301e-02 3.027719252284025511e-02 2.823563078999995896e-02 3.001046599000001258e-02 3.473249818000022360e-02 2.926787108999960932e-02 2.675938398284017847e-02 2.873760987000005193e-02 2.994530181999998514e-02 2.305683592999996714e-02 2.926632995999998293e-02 3.049866773284002144e-02 2.901785887999994845e-02 1.466806641000002916e-02 3.382073058999994497e-02 2.775676880000003260e-02 3.242623291000003294e-02 2.801330016283997207e-02 2.456316755000007013e-02 3.925619965000005235e-02 1.974813233999993950e-02 2.175087280000007062e-02 2.526956530283989630e-02
2.003013922029999705e+01 2.112745971000003914e-02 3.039719983284010218e-02 2.829776307000015506e-02 3.001200255999974739e-02 3.467873535000035035e-02 2.931986082999974222e-02 2.670076812284003301e-02 2.880169601000002327e-02 2.975873106999988443e-02 2.306254273000006225e-02 2.944536132000002970e-02 3.043043616283998623e-02 2.901575811999996396e-02 1.448626861999991952e-02 3.407012940000004458e-02 2.775970763000007099e-02 3.218428956000000257e-02 2.799710294284002421e-02 2.482633285000010806e-02 3.917966613999979142e-02 1.981919556000011698e-02 2.169536743999997408e-02 2.513376846283999974e-02
2.103013922029999705e+01 2.131737060999985139e-02 3.021559735283992770e-02 2.849479827999985143e-02 3.004920044000027740e-02 3.443943481999958700e-02 2.952769774000007716e-02 2.650461715284020692e-02 2.899431304000008730e-02 2.984260559999996759e-02 2.295393065999985424e-02 2.951766358000013427e-02 3.023584844283998263e-02 2.897254829000000739e-02 1.447049864999989943e-02 3.432550049000019504e-02 2.775070189999990014e-02 3.200176391999998149e-02 2.799736387283996777e-02 2.496550063999993657e-02 3.904056396000014223e-02 1.996676332000024701e-02 2.154623411999964308e-02 2.525552599284007840e-02
2.203013922029999705e+01 2.151916502999992944e-02 3.017023527283997641e-02 2.848683243000000448e-02 3.013833161000002356e-02 3.419070433999986391e-02 2.977962646000014563e-02 2.642611524283995650e-02 2.894525349666670841e-02 3.001153971333326773e-02 2.284569092000003979e-02 2.951083679999997114e-02 3.014897823284004574e-02 2.912771683000000764e-02 1.424646300999984384e-02 3.448293458999996536e-02 2.766152953000021106e-02 3.199493407999991906e-02 2.791436521284010666e-02 2.513600082999992158e-02 3.887246246999984806e-02 2.021613158000000118e-02 2.154603272000022232e-02 2.518671418283993310e-02
2.303013922029999705e+01 2.182927246000010771e-02 2.993159162284005081e-02 2.848553467000015244e-02 3.027160186000001085e-02 3.398032837999999389e-02 3.003573608000005904e-02 2.624731809283982822e-02 2.899147720999994959e-02 3.000323180999985365e-02 2.273796694000031898e-02 2.951520383999986855e-02 3.025346395284000262e-02 2.925513113999991116e-02 1.425329894999995302e-02 3.424463195000025661e-02 2.776313477999985818e-02 3.199960327000000299e-02 2.774952374284001683e-02 2.525726930000000633e-02 3.874986113999984855e-02 2.051307372000046522e-02 2.170988464999972986e-02 2.478900644283994412e-02
2.403013922029999705e+01 2.208223265999986404e-02 2.975499556283996150e-02 2.847790069000020671e-02 3.028169859999979910e-02 3.373546753999998732e-02 3.027780151000006303e-02 2.623823530283996355e-02 2.898468931999991643e-02 3.000349884999977887e-02 2.266307780000033703e-02 2.952782796999993756e-02 3.031735135284004470e-02 2.920477980999996656e-02 1.429756623000012078e-02 3.419069822999990654e-02 2.782529907999999053e-02 3.200023193000000460e-02 2.768786376284002732e-02 2.533320081999991188e-02 3.861055908000004394e-02 2.065004271999981711e-02 2.199496461000017070e-02 2.442533256284004986e-02
2.503013922029999350e+01 2.225039673999963316e-02 2.975987302284031563e-02 2.824039687000004170e-02 3.051013184000003070e-02 3.351133423999963501e-02 3.049493408000053182e-02 2.601507397283978756e-02 2.898785096000001602e-02 3.000407104000005210e-02 2.269873047999992552e-02 2.954216918999991170e-02 3.027029400284004731e-02 2.926230164000003311e-02 1.421230315999991861e-02 3.427359924000011188e-02 2.777180479999990376e-02 3.197709351000001948e-02 2.776006453283999878e-02 2.541896515000007656e-02 3.835180054000011246e-02 2.100099485999962906e-02 2.199614258000001307e-02 2.424673684284018790e-02
2.603013922029999350e+01 2.221790159999982237e-02 2.982039167284021922e-02 2.804046631000001177e-02 3.065533600999988117e-02 3.351365965999975743e-02 3.049300538000025013e-02 2.585191174284011753e-02 2.916501464999983126e-02 2.983543701000017020e-02 2.290986634000002908e-02 2.953283384999995029e-02 3.022903503283996471e-02 2.927792433000004149e-02 1.401696777000006541e-02 3.448179931999984654e-02 2.774373170000001346e-02 3.176646727000003584e-02 2.801486646283996018e-02 2.522033081999998025e-02 3.833380126999982179e-02 2.134457906333347976e-02 2.182135416666667466e-02 2.427337171284011524e-02
2.703013922029999350e+01 2.221973877999989730e-02 2.983274748283995526e-02 2.800021437999994367e-02 3.068350067000010298e-02 3.372440186000021795e-02 3.050696409999982192e-02 2.576342299283990167e-02 2.925640715999998018e-02 2.957656708000013304e-02 2.298723448999992480e-02 2.985846354999999869e-02 2.985629115283999074e-02 2.927663763999994312e-02 1.402959596000018759e-02 3.449360351000013702e-02 2.794433287999975243e-02 3.153727416999997646e-02 2.803599303284002101e-02 2.543919904999993389e-02 3.807376862000001055e-02 2.167203065000030543e-02 2.151309812999970678e-02 2.427675822284002319e-02
2.803013922029999350e+01 2.224080810999985378e-02 2.975216249617328515e-02 2.802863108666666520e-02 3.072423706999979909e-02 3.375156860999995595e-02 3.035971271333376062e-02 2.593256080950650383e-02 2.923992083000002962e-02 2.950146788000020115e-02 2.297939451999975527e-02 3.000206299999990875e-02 2.977590695284009284e-02 2.926416398000008037e-02 1.382376403999987895e-02 3.465096130000019925e-02 2.802113647999979196e-02 3.133437499000005233e-02 2.800952437284000632e-02 2.567529753000017192e-02 3.782400512999956749e-02 2.192133179000047699e-02 2.149549560999985259e-02 2.409938241283991756e-02
2.903013922029999350e+01 2.247189939999989436e-02 2.975862944283983250e-02 2.779053116000013840e-02 3.115819346333313297e-02 3.332404377666667999e-02 3.048513794999999083e-02 2.584875851284002685e-02 2.943179856000001718e-02 2.945229952000026977e-02 2.301919858999974464e-02 3.000879820999998587e-02 2.959315512284008479e-02 2.920721090999997896e-02 1.379426421999996842e-02 3.462076415999999768e-02 2.831466675000003652e-02 3.107807006999997734e-02 2.772403761283999749e-02 2.621245819000003405e-02 3.757146757999980935e-02 2.200733338000027128e-02 2.149109496999990210e-02 2.400738202283998757e-02
3.003013922029999350e+01 2.249956664999990669e-02 2.975189954283980615e-02 2.773186339999992797e-02 3.127600404000040885e-02 3.320000000000000034e-02 3.051606443999990009e-02 2.568793469283975686e-02 2.962106324000014779e-02 2.945666505000008387e-02 2.302273558999970784e-02 3.002026368000006162e-02 2.949017851284006439e-02 2.922175215999996134e-02 1.366913146000006164e-02 3.456999816999996311e-02 2.857079772999988887e-02 3.100194092000010601e-02 2.736866131283995779e-02 2.664013519999989393e-02 3.715543518500016851e-02 2.235022887499981195e-02 2.136413573999961998e-02 2.401078189284055336e-02
3.103013922029999350e+01 2.263533935999948940e-02 2.950956022284064936e-02 2.806745529000011577e-02 3.093917845999992131e-02 3.337399903999976186e-02 3.058430174000059329e-02 2.544673064283963296e-02 2.962326584000002025e-02 2.968196409000029359e-02 2.299500121999974514e-02 2.982023316999993928e-02 2.949623051283997363e-02 2.945222969000015067e-02 1.343686829999987849e-02 3.461886900999979616e-02 2.852339783000008844e-02 3.118563232000010413e-02 2.724883252284002882e-02 2.657563171999990925e-02 3.693150329999989739e-02 2.256346130000019823e-02 2.136823729999959981e-02 2.401400520284039525e-02
3.203013922029999350e+01 2.275385741999998504e-02 2.949393447283985004e-02 2.826979675000002371e-02 3.073487242999999730e-02 3.325216065000022314e-02 3.076849364999907285e-02 2.526074811284063221e-02 2.973545683999991376e-02 2.975886537000042159e-02 2.299846800999969312e-02 2.974826355999994273e-02 2.949077893284011292e-02 2.952628477999987705e-02 1.324936829000016546e-02 3.474123535000016999e-02 2.851359253999964996e-02 3.119284058000012030e-02 2.712143078283997880e-02 2.669446106999994253e-02 3.601230662727284565e-02 2.348769641272738240e-02 2.117846682000017536e-02 2.402069244283966398e-02
3.303013922029999350e+01 2.274369506000002705e-02 2.944433499283979905e-02 2.813539963000011995e-02 3.093433531999962779e-02 3.324496461000053110e-02 3.070036621000035715e-02 2.532495864283939788e-02 2.984482826666668906e-02 2.966004231333329785e-02 2.299367065999997559e-02 2.967516480000003884e-02 2.951191693283999537e-02 2.950877838000005859e-02 1.331100158000008381e-02 3.468983154999986940e-02 2.868043213000003033e-02 3.083316651999998617e-02 2.712053050283998179e-02 2.687826691000000379e-02 3.507393341000006326e-02 2.443346557999975799e-02 2.098356932999995497e-02 2.402490895284020017e-02
3.403013922029999350e+01 2.256186522999960309e-02 2.938623030284008911e-02 2.832049712000016262e-02 3.081900635999991131e-02 3.336356200999980592e-02 3.050019530000026846e-02 2.552194502283984881e-02 3.005582427999997988e-02 2.947093199999999483e-02 2.299066774000005017e-02 2.947839964999993817e-02 2.956266843284001758e-02 2.947172622999987696e-02 1.347247009000020548e-02 3.450806886999999157e-02 2.907402647000001394e-02 3.045323486999996013e-02 2.729392681283998243e-02 2.669650115999993439e-02 3.499309997000000366e-02 2.453413087000008014e-02 2.095800780999998100e-02 2.403908236284000785e-02
3.503013922029999350e+01 2.250373534000027487e-02 2.936076109283942623e-02 2.850753097999995586e-02 3.068390349000001127e-02 3.330623473999985706e-02 3.051616211000036938e-02 2.550610487283977434e-02 3.015182496000015644e-02 2.962626646999997476e-02 2.291536254999993957e-02 2.931283874999998998e-02 2.962081624284000972e-02 2.958091392000014933e-02 1.331719817999983159e-02 3.449283752999981328e-02 2.916276551000030262e-02 3.052352904999991109e-02 2.731482832283997977e-02 2.654376981999994473e-02 3.496376343999982317e-02 2.470523376000019131e-02 2.079006957999990704e-02 2.428880369284013366e-02
3.603013922029999350e+01 2.250123291000054315e-02 2.927212811283973204e-02 2.848500214000032268e-02 3.075123290999945413e-02 3.325463257000046968e-02 3.074473266999921267e-02 2.527475416284053270e-02 3.024391021000010296e-02 2.976499786999993458e-02 2.275112609000009417e-02 2.922747496999991354e-02 2.981155607283999392e-02 2.946764146000014142e-02 1.329978483999993792e-02 3.443684541000011784e-02 2.927060545999977254e-02 3.039892580000005257e-02 2.733559780283994697e-02 2.679853438999989582e-02 3.472066651999994313e-02 2.476243285000018571e-02 2.071734009000028923e-02 2.453326188283974640e-02
3.703013922029999350e+01 2.250053101000012296e-02 2.920783140284031673e-02 2.835356827000023311e-02 3.111377867999957567e-02 3.307261352000010618e-02 3.076303712000007934e-02 2.520062390283994702e-02 3.032987671000000884e-02 2.977486572999987410e-02 2.270493468000006620e-02 2.902132874000008106e-02 2.999623549283996979e-02 2.950236357999983655e-02 1.300743256000023475e-02 3.450429991999990481e-02 2.966569112333340696e-02 2.993708902666659954e-02 2.740271436284006171e-02 2.703026885999988693e-02 3.448619842999996882e-02 2.500246887000030088e-02 2.047969971000020498e-02 2.469660645283959163e-02
3.803013922029999350e+01 2.248359985999996008e-02 2.926789684284033383e-02 2.844910125999995307e-02 3.131033478999997732e-02 3.275456948666662788e-02 3.072995809333322129e-02 2.526690198284024802e-02 3.025003052000001941e-02 3.003446655000006904e-02 2.267854308999978780e-02 2.880578919000017710e-02 2.998463689283994288e-02 2.951562997999994734e-02 1.301120298000023497e-02 3.449832763999947927e-02 3.001866456000045619e-02 2.932399901499986583e-02 2.765032864783995709e-02 2.688365325500008049e-02 3.465848159500010267e-02 2.499639893999992465e-02 2.046080321999979926e-02 2.477488148284014494e-02
3.903013922029999350e+01 2.241481933333318299e-02 2.949826795284027359e-02 2.823153382000036932e-02 3.148299253999939373e-02 3.278906860000060930e-02 3.048546752999973380e-02 2.553316176283990449e-02 3.000476684000004737e-02 3.021766967999974310e-02 2.266551819000035134e-02 2.865161437999986377e-02 2.998032972283999620e-02 2.954470367999992991e-02 1.300389862000010839e-02 3.450176085000020848e-02 3.019597473999968001e-02 2.895772707000010202e-02 2.780292797284005316e-02 2.671827085999993814e-02 3.501799928000000339e-02 2.497880248000001330e-02 2.028933105999967609e-02 2.500898191284031680e-02
4.003013922029999350e+01 2.255086670000018903e-02 2.950452633283978318e-02 2.820549851000005159e-02 3.172709503999976421e-02 3.292349547666683501e-02 3.011230469333338669e-02 2.572251263283999514e-02 2.983145446999987960e-02 3.020176543999987182e-02 2.296586915000027596e-02 2.849027099999984838e-02 2.985209408284003954e-02 2.950109635000012359e-02 1.301236876999992131e-02 3.449732970999976056e-02 3.045243836000029181e-02 2.862415771333326128e-02 2.792520047950665732e-02 2.669813308000002633e-02 3.501973420000049214e-02 2.520913694999908292e-02 2.006965944000039734e-02 2.502209922284003019e-02
4.103013922029999350e+01 2.241063233000008953e-02 2.994111767283991546e-02 2.825489502999971661e-02 3.175530089000058037e-02 3.298006591999946835e-02 3.002633058000064858e-02 2.574778119283957847e-02 2.975655059999999033e-02 3.025446776999997367e-02 2.298796693000006164e-02 2.850567014999996762e-02 2.932707136284001467e-02 2.959998459500007978e-02 1.334343490500014030e-02 3.434043578999990132e-02 3.064542846999995448e-02 2.851954345999988677e-02 2.799578991283992874e-02 2.676043396999994162e-02 3.502113036999981305e-02 2.523156432000105143e-02 1.983306885999918528e-02 2.517969093284009446e-02
4.203013922029999350e+01 2.269060668333379438e-02 3.042236158283942449e-02 2.825773315999977053e-02 3.174760131000039370e-02 3.276080018000029903e-02 3.024363402999952211e-02 2.557720013283999380e-02 2.993592986999992628e-02 3.025109862999979596e-02 2.298273316000033761e-02 2.806010742799997654e-02 2.929146711483996898e-02 2.970022276999993716e-02 1.349346466999977630e-02 3.431610107000051396e-02 3.118542419199975615e-02 2.800767577800003863e-02 2.800462934284000602e-02 2.699016877999993111e-02 3.501779480000041106e-02 2.523040159999945936e-02 1.956203612000026459e-02 2.544885208283992686e-02
4.303013922029999350e+01 2.294268392666660994e-02 3.056571130617316903e-02 2.821199797999997955e-02 3.178460692000007609e-02 3.270612793999971152e-02 3.019053955999988909e-02 2.560711957284022428e-02 2.990367278000012619e-02 3.033040161999997486e-02 2.298300169999986306e-02 2.767453002000002174e-02 2.951122191284002994e-02 2.965194474000008851e-02 1.367256467999995902e-02 3.395599976499980022e-02 3.183112795500003117e-02 2.772360838000013233e-02 2.801445905283990109e-02 2.701080170000022887e-02 3.500666197999962453e-02 2.527566528000024793e-02 1.937526856000040473e-02 2.552178175283959308e-02
4.403013922029999350e+01 2.325095824000018158e-02 3.050859665284044731e-02 2.819276579000015714e-02 3.162656860999959324e-02 3.287056884000048862e-02 3.000540160999953451e-02 2.580475294284008056e-02 2.971454162000009003e-02 3.049116822999985849e-02 2.305816649000009752e-02 2.743460082999999924e-02 2.951535703284002832e-02 2.982916947000007965e-02 1.373696592999986039e-02 3.355372926000017852e-02 3.233745828999983613e-02 2.754654744000004096e-02 2.801976225283992622e-02 2.700053330000027826e-02 3.500262754999967224e-02 2.512303772000014021e-02 1.936557007000010502e-02 2.551398870283987791e-02
4.503013922029999350e+01 2.350493163999999371e-02 3.050603009283997871e-02 2.794673308999999842e-02 3.180846253000017831e-02 3.275387572999970826e-02 2.974478638599989747e-02 2.625208386684023398e-02 2.952672118000018719e-02 3.023355103399975527e-02 2.350892333600020437e-02 2.717249145999985419e-02 2.951825696283994979e-02 3.007773896000007913e-02 1.375050201000012698e-02 3.348020019999967123e-02 3.249967039999994423e-02 2.719779664000016028e-02 2.802246305284006658e-02 2.705763472000016767e-02 3.500752869999996381e-02 2.524170837999918302e-02 1.919239501000047365e-02 2.556827117284014850e-02
4.603013922029999350e+01 2.351043701000016944e-02 3.050415479283967793e-02 2.795286712999986781e-02 3.192892914000003413e-02 3.263360596999955593e-02 2.948579711000056877e-02 2.670056896283988512e-02 2.927349243000025927e-02 3.004146729999956564e-02 2.395526733000026554e-02 2.692139892999994080e-02 2.951442738283999515e-02 3.032470359999983947e-02 1.368416748999989017e-02 3.355683288000036596e-02 3.249266663000000693e-02 2.694899901999988148e-02 2.802236234284000496e-02 2.731123580999992445e-02 3.499472959999984367e-02 2.525466920000035351e-02 1.900073241999998552e-02 2.556673633283992192e-02
4.703013922029999350e+01 2.347861328000096920e-02 3.051286299283931247e-02 2.801079863999966779e-02 3.167399901999997519e-02 3.281900940000086891e-02 2.949118651999888333e-02 2.676322233284056384e-02 2.878162243428590214e-02 3.029868686571405081e-02 2.401347046000030377e-02 2.684960326999971669e-02 2.951204856284002712e-02 3.057528036000003308e-02 1.343643341999977564e-02 3.361789549999957827e-02 3.268654176000074935e-02 2.668616332999988738e-02 2.809502545283996955e-02 2.745566863000003729e-02 3.498146668000044757e-02 2.530619507999945159e-02 1.900073242000071411e-02 2.550049839283935818e-02
4.803013922029999350e+01 2.349206541999883380e-02 3.048619979284069442e-02 2.803780057999974776e-02 3.145516053000028261e-02 3.300980529000007574e-02 2.949572754999971874e-02 2.666542798284010640e-02 2.847813822000001133e-02 3.064113057000019541e-02 2.402051086999983792e-02 2.650898804399992592e-02 2.973401866884016129e-02 3.080308227999985216e-02 1.318713074000006646e-02 3.375380250000016569e-02 3.273966368999974702e-02 2.650053711000011775e-02 2.834686109284018443e-02 2.736200255999974781e-02 3.506770020000003762e-02 2.526329956000045174e-02 1.898173216999930399e-02 2.550150205284028304e-02
4.903013922029998639e+01 2.350377196999979892e-02 3.022899533284046508e-02 2.829729842999959000e-02 3.121023408000037427e-02 3.302149962999938182e-02 2.948539428000076373e-02 2.677896636283978726e-02 2.824010086000007524e-02 3.101812894999966472e-02 2.400914308000012473e-02 2.597576293000001743e-02 3.027156584284007232e-02 3.076026229999984096e-02 1.298089905000051648e-02 3.401136475000021003e-02 3.250927123999956814e-02 2.647066649999987864e-02 2.853802396283999787e-02 2.724903487000010505e-02 3.524259949999941632e-02 2.526030274000004225e-02 1.874743652000106578e-02 2.548680125283938128e-02
5.003013922029998639e+01 2.349282835999983929e-02 3.000642912284022176e-02 2.852746353000020635e-02 3.098646697999974872e-02 3.327193297999983534e-02 2.923602905000007024e-02 2.700306761284002738e-02 2.801066665000025852e-02 3.122899780999978392e-02 2.396657103000018191e-02 2.580353393999976208e-02 3.052431776284010925e-02 3.076387481999990833e-02 1.272819977000017380e-02 3.426926878999984188e-02 3.271523132800000649e-02 2.600920411200000754e-02 2.853315716283996023e-02 2.749103241000029965e-02 3.521920167999924300e-02 2.527703855000072372e-02 1.869359741999942343e-02 2.532748490284041087e-02
5.103013922029998639e+01 2.348560791999916575e-02 3.002319167284024301e-02 2.852346190000025830e-02 3.096240233999960831e-02 3.352566833999990475e-02 2.900313719999976503e-02 2.698400327284055170e-02 2.800898515000008193e-02 3.126611530999943989e-02 2.394775186000062950e-02 2.578743896999985755e-02 3.078169157283996288e-02 3.074919661000017138e-02 1.251106873999997295e-02 3.449453123999919602e-02 3.298413696000045831e-02 2.549163209000021232e-02 2.854682904283995307e-02 2.749586640000015875e-02 3.521596680000002588e-02 2.527277222000047854e-02 1.870666503999964328e-02 2.555467377283973662e-02
5.203013922029998639e+01 2.334063720999984132e-02 3.017902814283972973e-02 2.852539825999992826e-02 3.076860354000018546e-02 3.371492918000003336e-02 2.899993895999941618e-02 2.678325483284054245e-02 2.803540496000014176e-02 3.148526611999986902e-02 2.395549927000013152e-02 2.555470580999972402e-02 3.098730450284006149e-02 3.072281646999995217e-02 1.252366944000023012e-02 3.449592895999958192e-02 3.296520996000019965e-02 2.531519776000004662e-02 2.872705821284016539e-02 2.750126649999983658e-02 3.523963011000014189e-02 2.508590393999984500e-02 1.892720336999991620e-02 2.551949674284012537e-02
5.303013922029998639e+01 2.280142821600050079e-02 3.043866179283943527e-02 2.829603348000000670e-02 3.095276946000049059e-02 3.352773437999931327e-02 2.900535888000013024e-02 2.677468551284021073e-02 2.804768370999990990e-02 3.166466216999979516e-02 2.383083495000048666e-02 2.567329712999962682e-02 3.080807705284014514e-02 3.094008865999976418e-02 1.230333099000017680e-02 3.449416810000002775e-02 3.321139830999984832e-02 2.508736572000011544e-02 2.894559842284002288e-02 2.749246750999991343e-02 3.507079773000077588e-02 2.500263062999947411e-02 1.901017453999957058e-02 2.546153491284028347e-02
5.403013922029998639e+01 2.235520017999952092e-02 3.050319730283974906e-02 2.820306625999983302e-02 3.120759887000058505e-02 3.351703491999942497e-02 2.899499511000031005e-02 2.660635587283988884e-02 2.800314101999983735e-02 3.189586640000052070e-02 2.376813658999983592e-02 2.574630126999982033e-02 3.076008130283999081e-02 3.098047792000024891e-02 1.228983458999973605e-02 3.449326172000037605e-02 3.322897642999944612e-02 2.485806275000018023e-02 2.933663974283991921e-02 2.732095439999987843e-02 3.500613403999959516e-02 2.500493772000045301e-02 1.884242553000076495e-02 2.558896392283938753e-02
5.503013922029998639e+01 2.208703612999888752e-02 3.050382825284107119e-02 2.843930055000000803e-02 3.106929320999952254e-02 3.350586548000064613e-02 2.917254026999944322e-02 2.633222411284025233e-02 2.801520462000007747e-02 3.197986449999989239e-02 2.394590149000016405e-02 2.574827270999994686e-02 3.075530720283986899e-02 3.076401634000012694e-02 1.231433259999976070e-02 3.451473387999976633e-02 3.340306396000034678e-02 2.459893799000005890e-02 2.965892773284008535e-02 2.702880096999979442e-02 3.500733490999991676e-02 2.500209959999992806e-02 1.881226806000049767e-02 2.586792891283976048e-02
5.603013922029998639e+01 2.189353025999880506e-02 3.027254888784111642e-02 2.886064948499979591e-02 3.086299437999987308e-02 3.351006469999993215e-02 2.932574464000062969e-02 2.629822675283960409e-02 2.790962981999982676e-02 3.197173461999991417e-02 2.413192750000036843e-02 2.571307372000010069e-02 3.080495437283998356e-02 3.069577330000002047e-02 1.218873289999974040e-02 3.461959839999981248e-02 3.349586792000065760e-02 2.450600585999973199e-02 2.971145917284002264e-02 2.703579864000021232e-02 3.496433412000041902e-02 2.500653075999871230e-02 1.867760008000041161e-02 2.612098295284020003e-02
5.703013922029998639e+01 2.187469890333377381e-02 3.006846346950626386e-02 2.900869903000002567e-02 3.098553010000032470e-02 3.351063841999930154e-02 2.942456665999998097e-02 2.633097819284032498e-02 2.771651611999986775e-02 3.197776948000027875e-02 2.457398070999990830e-02 2.543311768000003359e-02 3.063372975283991731e-02 3.087043267000017313e-02 1.201533201999991501e-02 3.496204173999976905e-02 3.334582721999997806e-02 2.431589966000010511e-02 2.988789731284014276e-02 2.696599810000025257e-02 3.519004107333312259e-02 2.484365642666598595e-02 1.850693969000058101e-02 2.612571709283997845e-02
5.803013922029998639e+01 2.168339233999868124e-02 2.999936507284076126e-02 2.902233275000016752e-02 3.130076446999992268e-02 3.350227049999957712e-02 2.918500366999942502e-02 2.652008726284077467e-02 2.756870498000007358e-02 3.192463074000006368e-02 2.508143310999969358e-02 2.493380126000011021e-02 3.080161422284018180e-02 3.077541808000005402e-02 1.194376220000012770e-02 3.531293487999937614e-02 3.318403321000025497e-02 2.431049805000011499e-02 2.975319958283989888e-02 2.694606475999989856e-02 3.556133269999991325e-02 2.450253907000005810e-02 1.850063475999995724e-02 2.625755845284027251e-02
5.903013922029998639e+01 2.149956665000063438e-02 3.001089460283912908e-02 2.901450346999972715e-02 3.148866273000058141e-02 3.356227110999970842e-02 2.894176025999986579e-02 2.652104779284002178e-02 2.781232149999996253e-02 3.167652889999954258e-02 2.514229432000049738e-02 2.492810668999991333e-02 3.093222982284014530e-02 3.083116568000014018e-02 1.169376831999979945e-02 3.549733276999977871e-02 3.300096130000040179e-02 2.453777058333313915e-02 2.959619911950660959e-02 2.693756486000020364e-02 3.575219725999922993e-02 2.432003784000043994e-02 1.850490723000039126e-02 2.639180826283982206e-02
6.003013922029998639e+01 2.148580321000044882e-02 2.986933157284031581e-02 2.917087058999959584e-02 3.146905821999971403e-02 3.381713868000078838e-02 2.869593505999946600e-02 2.656551343284029379e-02 2.810468139999987291e-02 3.132112730999967593e-02 2.533633423000012513e-02 2.480866700000024239e-02 3.089121915284013045e-02 3.099537734999994326e-02 1.150543518000013074e-02 3.551696624999967772e-02 3.299960328000035858e-02 2.470225828666650081e-02 2.960247174617337135e-02 2.699640045999985791e-02 3.570792845999967713e-02 2.430247194000112465e-02 1.850133055999904005e-02 2.623458120284031039e-02
6.103013922029998639e+01 2.124239502000055055e-02 2.969349653284009474e-02 2.944777781333341241e-02 3.139355368666656154e-02 3.397480466999986543e-02 2.877526856000040337e-02 2.638224468283972488e-02 2.853203583333330934e-02 3.080621032666652423e-02 2.554716186000025729e-02 2.479573975999992477e-02 3.096411916283987181e-02 3.072777215000014467e-02 1.151087033999974654e-02 3.567836763000013789e-02 3.309153441000000501e-02 2.471693115999996568e-02 2.951609861283987016e-02 2.700176620000038427e-02 3.576580047999923517e-02 2.424026183000023427e-02 1.850230102999994575e-02 2.644752319950703298e-02
6.203013922029998639e+01 2.099163209000107569e-02 2.977105619284013682e-02 2.926303938999972112e-02 3.165783387000047078e-02 3.382316589000038121e-02 2.901874389999939061e-02 2.609350466617345321e-02 2.893755136666659525e-02 3.044953614000042025e-02 2.577859496999938133e-02 2.475393065000025539e-02 3.100803893284009849e-02 3.048452680999998859e-02 1.113209251285708287e-02 3.612304817714238198e-02 3.327529908000017439e-02 2.449193114000026983e-02 2.951345961284005184e-02 2.700546876000007451e-02 3.599266355999934663e-02 2.400306398000102634e-02 1.850733641999832008e-02 2.678699589284121857e-02
6.303013922029998639e+01 2.072390137000038393e-02 3.000803435283998927e-02 2.920573501000017086e-02 3.147806548999942944e-02 3.381719971000057140e-02 2.919970093000010675e-02 2.580404416283966010e-02 2.922255172999994183e-02 3.028963471000024540e-02 2.599459838000022990e-02 2.469716185999968824e-02 3.100294629283998835e-02 3.031925048999983136e-02 1.062703756333345864e-02 3.689520060666739293e-02 3.326653441999935512e-02 2.448769530999993574e-02 2.943346464284008965e-02 2.700453719999968555e-02 3.599199525000040117e-02 2.408046570000006020e-02 1.843670043000092754e-02 2.679530202283885928e-02
6.403013922029998639e+01 2.047800294000044069e-02 3.002233411284089409e-02 2.925570221000016458e-02 3.140272979999972347e-02 3.381750182999967297e-02 2.928322754000109787e-02 2.573412000283954032e-02 2.929477996999994491e-02 3.023386382000026185e-02 2.599334105999971667e-02 2.475305786999997676e-02 3.099902783284005578e-02 3.026296998999978421e-02 1.049229736000015754e-02 3.721957092000047901e-02 3.330339353999972607e-02 2.448707275999986374e-02 2.926426450283997963e-02 2.700236740999989796e-02 3.599509734000057304e-02 2.424893493999989019e-02 1.822413329999835602e-02 2.676642782284129746e-02
6.503013922029998639e+01 2.029578855999861903e-02 3.021460249284084465e-02 2.930013276000027062e-02 3.119500122000026798e-02 3.379707029999990536e-02 2.948046264999866148e-02 2.550582412284077213e-02 2.954204099999988009e-02 3.003219604999976533e-02 2.615973511000067864e-02 2.477443236999970350e-02 3.100527630284004646e-02 3.019578706000002055e-02 1.034289551999972856e-02 3.745813597000014622e-02 3.324166870999999829e-02 2.449686280000005351e-02 2.928847026284001759e-02 2.703572845000017100e-02 3.598586122000051873e-02 2.431104125999918389e-02 1.794026489000025149e-02 2.674178058283987330e-02
6.603013922029998639e+01 2.029949340999883181e-02 3.020677549284048538e-02 2.931699295000016886e-02 3.118036804999974390e-02 3.380820007000002320e-02 2.946803587999893490e-02 2.550267013284121878e-02 2.973672635999973987e-02 2.981326295000035279e-02 2.651286010499991422e-02 2.445774230499991875e-02 3.099822523284001194e-02 3.020917054000001392e-02 1.033906401999993251e-02 3.749160308999999192e-02 3.319400024000008359e-02 2.472416381999992252e-02 2.906596510284016263e-02 2.704389648999967755e-02 3.602906799000035049e-02 2.447543334000050821e-02 1.770180054000011424e-02 2.676944295283922165e-02
6.703013922029998639e+01 2.009500121000019207e-02 3.043096067283988793e-02 2.925756606000013554e-02 3.123597107999958114e-02 3.357969665000055254e-02 2.967893676999883504e-02 2.534689695284089370e-02 2.992493055999984747e-02 2.973609619999988476e-02 2.675296631000039643e-02 2.425337524999995539e-02 3.100334989283983281e-02 3.002407453999985515e-02 1.032760163000020874e-02 3.749373016000026593e-02 3.340599975999959670e-02 2.458263549000012232e-02 2.919126417284014646e-02 2.699353027999968485e-02 3.601066587999957741e-02 2.473330079000079368e-02 1.728897096000073241e-02 2.682745143283907577e-02
6.803013922029998639e+01 1.940696673999857402e-02 3.094159876284002103e-02 2.944053650999994831e-02 3.105893706000024262e-02 3.367023011999917964e-02 2.952673339000029887e-02 2.505283887884031738e-02 3.044808714399972749e-02 2.985282289333408834e-02 2.646627806666604008e-02 2.442559815000003992e-02 3.099985333284003067e-02 2.978127442000004510e-02 1.031153870999987690e-02 3.748596647000013160e-02 3.356127523666675716e-02 2.460532633333323282e-02 2.905426007284013512e-02 2.700446472999992742e-02 3.594409942999955004e-02 2.483843077999990656e-02 1.722070312000141545e-02 2.698566037283910493e-02
6.903013922029998639e+01 1.837058549272610475e-02 3.178093410011258863e-02 2.967954253999978420e-02 3.085980226000028734e-02 3.383079831999930009e-02 2.931022951000195401e-02 2.499977552283873944e-02 3.085961099333326199e-02 2.983797810666728723e-02 2.614978637999940819e-02 2.453015135999994656e-02 3.111500379284007009e-02 2.972204896000002830e-02 1.017593687999979006e-02 3.750066527999951910e-02 3.389845887500052973e-02 2.445730284500004931e-02 2.903316939284013645e-02 2.694566497999985669e-02 3.577006529999998685e-02 2.489947203999981831e-02 1.733900147999957106e-02 2.700878545284065083e-02
7.003013922029998639e+01 1.732014770399953330e-02 3.266797314884038045e-02 2.985674744000025443e-02 3.067470092999938225e-02 3.399683227000059593e-02 2.905829467999938159e-02 2.526362135284055191e-02 3.100081481999986815e-02 2.967616576000000478e-02 2.628579306666672596e-02 2.429343667333323450e-02 3.105571005284018735e-02 2.967769950800000500e-02 1.028358704199992466e-02 3.743956297000004124e-02 3.409121400000023755e-02 2.436135253999973521e-02 2.903459609283991216e-02 2.708353575000000887e-02 3.575673523000041237e-02 2.473516234999988128e-02 1.744689941999968269e-02 2.700601297284013075e-02
7.103013922029998639e+01 1.699450073000043776e-02 3.307768766283918777e-02 3.001134261999996097e-02 3.050282899000012621e-02 3.399120482000071025e-02 2.892959594999992834e-02 2.551263486283935483e-02 3.106772843000017020e-02 2.942900695999996902e-02 2.657286377000002767e-02 2.425906371999990430e-02 3.097902967283989659e-02 2.920583341999990687e-02 1.083026275999982371e-02 3.718339845000082078e-02 3.430254516999941411e-02 2.424575804000000945e-02 2.902366239283997104e-02 2.725103377999985380e-02 3.575333252999989692e-02 2.474573975000093906e-02 1.725512695000070221e-02 2.719362947283868875e-02
7.203013922029998639e+01 1.700280150000035156e-02 3.312818890284018047e-02 3.001486970000005403e-02 3.049590147999988246e-02 3.419330444000006491e-02 2.867572632999945345e-02 2.551170255284053098e-02 3.113339768000023336e-02 2.943306579000018117e-02 2.656679992999945797e-02 2.437743530000006931e-02 3.098401127284014511e-02 2.902314492999976195e-02 1.100610351000032121e-02 3.706389617000022813e-02 3.442557373999972914e-02 2.432039793999992913e-02 2.915950605950668947e-02 2.703562469333324961e-02 3.582539671999984687e-02 2.468046266000019362e-02 1.732234495999873669e-02 2.724274504284128484e-02
7.303013922029998639e+01 1.701036987999977879e-02 3.330425397284073052e-02 3.001557160000011340e-02 3.048373411999927979e-02 3.421126710000099019e-02 2.848477171999984348e-02 2.556717435283974160e-02 3.126791915999983795e-02 2.949226379999963718e-02 2.650520630000048616e-02 2.425096434999977554e-02 3.093207228284008958e-02 2.900408477000019150e-02 1.104666900999982243e-02 3.727587280000006775e-02 3.419033202000011651e-02 2.455855713999985715e-02 2.925457135283981991e-02 2.671553192000028498e-02 3.601039733999932685e-02 2.448749390000084375e-02 1.751371460000009442e-02 2.729663261283960668e-02
7.403013922029998639e+01 1.697436524000077093e-02 3.350516186284023534e-02 3.001716919999998859e-02 3.066463725000030671e-02 3.382690021999879004e-02 2.849956056000082713e-02 2.581859875284010439e-02 3.120330353000026757e-02 2.949136504999987779e-02 2.668515523333308062e-02 2.398210856666676757e-02 3.084496899284012994e-02 2.899485931999997920e-02 1.128690338000014858e-02 3.723720399999947556e-02 3.399129637000025683e-02 2.461356811000009817e-02 2.936488935283991866e-02 2.680007475999991728e-02 3.592483216000000312e-02 2.433933106000040272e-02 1.774199827999982382e-02 2.723923304283992070e-02
7.503013922029998639e+01 1.695239258999936202e-02 3.327973691284043939e-02 3.003372573999986417e-02 3.100639951999983185e-02 3.347660524000093535e-02 2.849362793000036545e-02 2.602132856283917439e-02 3.099846953999986152e-02 2.950556946000069611e-02 2.702512815999964443e-02 2.374013671999964520e-02 3.073200437284003689e-02 2.901645280000002616e-02 1.150386657999988467e-02 3.724620666000046099e-02 3.376252441999988418e-02 2.477553709999974832e-02 2.923619977283978960e-02 2.699453280000016150e-02 3.575346676999979767e-02 2.450552979999993247e-02 1.775352782999980311e-02 2.699067670284046108e-02
7.603013922029998639e+01 1.702673337999876732e-02 3.297905866284111392e-02 3.027900085000001171e-02 3.099499969999996996e-02 3.341799927000028980e-02 2.831359862999961383e-02 2.618910963283999430e-02 3.084921874000010403e-02 2.966507264000028954e-02 2.700139769999971087e-02 2.383886720000009604e-02 3.048058606283984839e-02 2.933205057000010801e-02 1.137105611999989462e-02 3.729109802999956008e-02 3.371529845000061087e-02 2.479057616999984920e-02 2.929419080284001095e-02 2.699620056000021431e-02 3.573096313999958584e-02 2.450344544000036123e-02 1.777652587999982783e-02 2.674549027283999389e-02
7.703013922029998639e+01 1.727173461999918780e-02 3.272700865284025595e-02 3.053178786999978869e-02 3.099446410000018803e-02 3.325064088999934303e-02 2.825062254999938932e-02 2.624254132284115776e-02 3.098525849000016014e-02 2.953397216000012288e-02 2.699723205999964709e-02 2.401397094000003521e-02 3.005306811950679904e-02 2.994805628333330541e-02 1.101843109999972592e-02 3.723832549000071629e-02 3.376184081999947240e-02 2.473363650000000996e-02 2.952585735284001325e-02 2.700213470000016949e-02 3.550033570000014210e-02 2.450059813999978450e-02 1.799953611999953809e-02 2.650940548617375034e-02
7.803013922029998639e+01 1.749846191999968048e-02 3.246951428283994384e-02 3.074515075000053971e-02 3.099493103999993726e-02 3.329473265999986081e-02 2.820920409999962478e-02 2.626945632283989029e-02 3.100967254000024792e-02 2.952079925000034716e-02 2.697603760999938913e-02 2.400449828000018881e-02 2.992889425283992710e-02 3.007200126000007107e-02 1.105343630999996128e-02 3.719952695999963893e-02 3.377482910000019489e-02 2.471790160000018541e-02 2.955813048283998865e-02 2.696700208999973369e-02 3.550966492000079411e-02 2.449287109999859213e-02 1.795566407000005749e-02 2.633678342284081347e-02
7.903013922029998639e+01 1.749892580000014450e-02 3.245811291284028677e-02 3.098138580000050005e-02 3.076446379999979441e-02 3.347807007999872159e-02 2.791504312000081534e-02 2.637935215284023874e-02 3.105493468000022558e-02 2.949089966999963661e-02 2.696716306999972015e-02 2.399993898000029810e-02 2.973283749284000646e-02 3.025735854000031338e-02 1.107656403000000823e-02 3.741363373999993108e-02 3.354593200999973074e-02 2.471553344000003427e-02 2.979419385284000008e-02 2.695973511000011175e-02 3.550726623000009796e-02 2.426859742000015210e-02 1.796640014000004323e-02 2.651242621283965775e-02
8.003013922029998639e+01 1.749356076999974974e-02 3.249630186283995747e-02 3.117336807000028673e-02 3.077999776666596327e-02 3.322886148333296930e-02 2.801147461000073197e-02 2.632299940283994513e-02 3.101292876999959744e-02 2.965779878000030303e-02 2.700925903999980282e-02 2.400020752000018437e-02 2.950950985284016628e-02 3.032458724000007197e-02 1.117789763999935473e-02 3.750800172000017668e-02 3.333765869000037546e-02 2.488190918000000168e-02 2.978629134284019667e-02 2.700100247999980690e-02 3.534719850000037772e-02 2.441013792999947168e-02 1.798959352000092590e-02 2.651468106283923556e-02
8.103013922029998639e+01 1.749249877999973363e-02 3.251148053284016320e-02 3.142268372000017046e-02 3.063267060333333888e-02 3.312232665666573622e-02 2.802383421999984567e-02 2.631145842284079300e-02 3.101260604000017490e-02 2.967959594999992901e-02 2.700876770000015803e-02 2.422800292999982216e-02 2.926213018283997311e-02 3.030333442999999516e-02 1.144666595000053307e-02 3.750040893499936162e-02 3.326055755500040290e-02 2.497619627999974820e-02 2.955199644284002558e-02 2.699636764999977304e-02 3.536063384000044663e-02 2.445503540999925327e-02 1.800363158999971486e-02 2.650553343284082000e-02
8.203013922029998639e+01 1.749200439999985812e-02 3.262343731283892656e-02 3.150948946000026174e-02 3.050146789999998859e-02 3.300216062999970779e-02 2.801930542000045585e-02 2.648870068283961168e-02 3.101129151999994227e-02 2.969553527999960196e-02 2.705780639000024759e-02 2.413925780999998105e-02 2.911393873284014167e-02 2.989114423142857913e-02 1.210191912857096035e-02 3.749319456000084483e-02 3.327416992999954193e-02 2.498782959000004494e-02 2.952804191950673257e-02 2.693908589333344691e-02 3.526347657000005603e-02 2.442686766999904724e-02 1.811466065999993436e-02 2.650642339284079232e-02
8.303013922029998639e+01 1.752238159000019113e-02 3.260176451283960247e-02 3.185142084666658935e-02 3.016312459333348600e-02 3.297763061999939987e-02 2.802347412000090118e-02 2.650365659283963893e-02 3.100626908000031143e-02 2.985989683999941760e-02 2.699176940000054536e-02 2.403626709999953301e-02 2.934198820284009482e-02 2.896823348600000708e-02 1.280994415399982177e-02 3.748912811000045670e-02 3.350589903999955099e-02 2.484886476000019648e-02 2.958369199284015955e-02 2.703680495999997296e-02 3.524417113999952361e-02 2.418963013000029541e-02 1.830237427000101780e-02 2.666598237950570244e-02
8.403013922029998639e+01 1.764816284000116781e-02 3.259266644283945885e-02 3.202566376000031551e-02 2.999674071999907168e-02 3.298106079999997553e-02 2.802000732000160463e-02 2.649768659283893019e-02 3.097260438000012245e-02 2.971346893000009065e-02 2.707609863999989666e-02 2.395069578999991719e-02 2.958834591283994106e-02 2.847245560999999564e-02 1.324103089000018378e-02 3.749160155999998328e-02 3.353040159999966241e-02 2.473176270000021840e-02 2.971717969283981658e-02 2.722349345333386836e-02 3.507642109666631036e-02 2.394210510999983041e-02 1.855206910000124429e-02 2.677249127283887545e-02
8.503013922029998639e+01 1.794133300999965416e-02 3.250299207284063074e-02 3.195397339999981462e-02 2.999910278000024813e-02 3.298316649000043732e-02 2.807960205999843195e-02 2.643936674284088836e-02 3.100835646999967193e-02 2.949940338000014983e-02 2.713453369000001086e-02 2.394296876000025914e-02 2.973792019283991866e-02 2.831904221000004426e-02 1.337596283000020737e-02 3.755987090999988315e-02 3.344959410999965438e-02 2.480670776000024405e-02 2.976145537284010170e-02 2.727039719999993506e-02 3.513160296666659188e-02 2.354457194333323122e-02 1.861316528000024964e-02 2.689128667283991955e-02
8.603013922029998639e+01 1.800839844000001744e-02 3.250541973283964381e-02 3.176888580999984862e-02 2.995363158999971367e-02 3.295886842000036315e-02 2.832965698000043664e-02 2.626033765283957572e-02 3.095352477999986293e-02 2.948360900000043458e-02 2.731632995999918809e-02 2.401365968000063883e-02 2.970194991283988187e-02 2.829165494000026107e-02 1.296590454799981598e-02 3.804002807199984015e-02 3.319579467999994593e-02 2.505300904000014317e-02 2.976785717283983099e-02 2.726043397000030288e-02 3.525743406999972546e-02 2.323569946999923599e-02 1.873709717000165281e-02 2.671080763283923548e-02
8.703013922029998639e+01 1.803532713999884268e-02 3.247752135284065478e-02 3.187951736999948549e-02 2.989668884000057023e-02 3.272540587999974576e-02 2.850619506999937589e-02 2.640764066284066389e-02 3.079405593999963442e-02 2.931276397000037726e-02 2.749500123999989651e-02 2.403859862000026770e-02 2.980286135950664314e-02 2.817807413333320993e-02 1.248999939000022992e-02 3.850856476000044659e-02 3.300659789999938615e-02 2.514910278999996085e-02 2.986456280284001050e-02 2.731630401000074981e-02 3.519559631999800292e-02 2.313992616000104877e-02 1.884043577999982427e-02 2.651137716284040352e-02
8.803013922029998639e+01 1.826095580999972240e-02 3.224633924284010106e-02 3.215521545999945607e-02 2.984001160000043437e-02 3.235760497499941268e-02 2.863135986500055935e-02 2.678446409284008373e-02 3.049990463000012975e-02 2.923452299999989776e-02 2.750933838999938125e-02 2.426660156000070775e-02 2.998357259283993687e-02 2.775512656999990294e-02 1.234826661000006445e-02 3.865683744999987709e-02 3.299789734000025537e-02 2.526290283999987896e-02 2.974589293284006855e-02 2.752570265000031310e-02 3.499216004000045566e-02 2.325589904999797106e-02 1.872686767000122932e-02 2.650268938284000217e-02
8.903013922029998639e+01 1.822770384000177782e-02 3.227237837283939564e-02 3.195719248000028490e-02 3.004145712000003132e-02 3.185898843999918767e-02 2.888347372000037161e-02 2.700642453284019667e-02 3.049457473000020263e-02 2.900963134999983567e-02 2.776103822000024895e-02 2.440872395333305162e-02 2.984469839950664935e-02 2.752606812000012865e-02 1.220073853999929271e-02 3.879356993000037529e-02 3.299359742000035345e-02 2.549013060999986979e-02 2.951203138284017730e-02 2.769366456999959938e-02 3.482066649000116476e-02 2.349247436000004990e-02 1.849628906999860323e-02 2.649829197284036750e-02
9.003013922029998639e+01 1.800067137999867423e-02 3.248630965284012018e-02 3.177707975999983364e-02 3.023460388000021384e-02 3.149892577999999221e-02 2.901160887999867585e-02 2.700186751284111217e-02 3.050425568000027926e-02 2.900560301999939930e-02 2.797482910000055611e-02 2.466954752666642922e-02 2.961012721617335003e-02 2.751555823999988354e-02 1.197013396999973417e-02 3.879273376000055840e-02 3.283349914999982716e-02 2.563659362999997152e-02 2.950923750283991620e-02 2.777082977000027222e-02 3.475763549999974500e-02 2.349113768000097441e-02 1.834078979499900036e-02 2.666128827784016234e-02
9.103013922029998639e+01 1.799732665999908762e-02 3.245203458284033615e-02 3.183283310999977106e-02 3.023053283999979635e-02 3.133103027000033736e-02 2.916370851000101710e-02 2.704598216283905093e-02 3.047267457000016333e-02 2.900273132000001988e-02 2.757578429499974240e-02 2.520708312500028261e-02 2.947699568283978708e-02 2.752030182000007527e-02 1.196556854000045862e-02 3.877500153000000560e-02 3.250226439999916866e-02 2.576143188000032738e-02 2.950209943284016686e-02 2.801149750999975402e-02 3.473243102999913623e-02 2.349727171999984460e-02 1.799445802000118264e-02 2.701797237283992681e-02
9.203013922029998639e+01 1.822053221999958561e-02 3.224852126284079301e-02 3.181091002000066559e-02 3.023406676999948126e-02 3.130186464000071084e-02 2.919644163999910239e-02 2.727744734284008252e-02 3.024200896999973409e-02 2.922399902000033869e-02 2.715650330000009965e-02 2.561625060499991488e-02 2.926236249783996726e-02 2.751464386000006951e-02 1.239127400666693510e-02 3.858389995333418726e-02 3.225890195999875365e-02 2.577206421999999122e-02 2.950705853283998314e-02 2.800906830000021719e-02 3.473410033999971280e-02 2.349819947000069201e-02 1.793670653999943077e-02 2.707617532284009587e-02
9.303013922029998639e+01 1.824279786999977518e-02 3.226985455284104437e-02 3.159370879999987697e-02 3.040689697999987562e-02 3.124766234000053364e-02 2.924313966000045145e-02 2.726822187283926141e-02 3.025777433999974134e-02 2.909019776999994047e-02 2.700356445000090880e-02 2.594664305999904233e-02 2.920518629284033635e-02 2.749779968000020877e-02 1.251533507999993099e-02 3.851073914000007620e-02 3.200646361999991141e-02 2.582146605999987438e-02 2.951619475284023714e-02 2.801173630000012085e-02 3.491053160999945532e-02 2.349960021000006144e-02 1.796937054666777889e-02 2.668494199283900220e-02
9.403013922029998639e+01 1.841630248000001441e-02 3.208976881284018173e-02 3.150412598000002645e-02 3.049436644999950485e-02 3.142637023999995949e-02 2.943071086000029549e-02 2.685287966284004291e-02 3.030530396000012672e-02 2.900889739999984104e-02 2.699566650000071941e-02 2.600073852999958135e-02 2.941836683283981929e-02 2.726579132000006220e-02 1.274886474000013620e-02 3.827773589999997061e-02 3.200003356999971127e-02 2.597313233000022453e-02 2.934392758284011526e-02 2.818460769000011995e-02 3.481572876999998456e-02 2.349729613999952671e-02 1.816677247000043210e-02 2.634292107283974990e-02
9.503013922029998639e+01 1.847606202000169964e-02 3.191825393283963946e-02 3.149261165999923950e-02 3.048873292000062185e-02 3.151760864000097834e-02 2.961032716000045265e-02 2.676392041283872855e-02 3.013247680000040452e-02 2.900813293999963266e-02 2.674326171499981364e-02 2.637807006500042864e-02 2.949016249283958890e-02 2.723930053000003793e-02 1.276946411000026357e-02 3.822360230000049208e-02 3.180843505999930709e-02 2.618989258000001263e-02 2.929893323284013529e-02 2.821633911999961095e-02 3.466746214000158977e-02 2.350073243999795461e-02 1.836870117000071259e-02 2.612956048283988225e-02
9.603013922029998639e+01 1.846015623999992458e-02 3.174120314283920830e-02 3.150117646000034910e-02 3.055189970999927160e-02 3.145150452000088775e-02 2.981212159999995642e-02 2.698535238617305251e-02 2.970975088666649375e-02 2.901423339000029980e-02 2.649132994999984017e-02 2.681560058000031707e-02 2.930458433283966019e-02 2.746541213999989864e-02 1.254790192000000346e-02 3.838406523999947362e-02 3.156173401000071654e-02 2.643806152999986919e-02 2.932550031284026845e-02 2.825027312999954868e-02 3.444089659999954173e-02 2.350216675000119798e-02 1.845372313999978434e-02 2.604290697283970571e-02
9.703013922029998639e+01 1.856317139999882904e-02 3.151111507284169722e-02 3.150387954999969015e-02 3.072763367000007004e-02 3.129350992666684456e-02 2.998688558333281046e-02 2.702944318284082950e-02 2.940629272000005665e-02 2.901172943999990803e-02 2.649363097999978336e-02 2.706453857000015034e-02 2.924663374283991216e-02 2.749659270000047451e-02 1.251000061999948260e-02 3.825873106999933687e-02 3.143897096000057567e-02 2.650499877000011065e-02 2.956889325284018863e-02 2.806699981999954616e-02 3.438750305999929008e-02 2.356206665000063274e-02 1.820921508200001523e-02 2.602859628884039017e-02
9.803013922029997218e+01 1.862763062000158398e-02 3.171015302283870102e-02 3.130710907000029686e-02 3.092353820999924063e-02 3.131064757999993398e-02 2.977344971000129431e-02 2.697850629283914115e-02 2.940419006000047353e-02 2.906853486000036263e-02 2.643146665999904568e-02 2.711892700999997061e-02 2.937826673284007345e-02 2.749546508000012129e-02 1.257346801999956361e-02 3.807813109999988455e-02 3.137766725000058071e-02 2.649420165999990737e-02 2.963366223284019663e-02 2.819196166999972733e-02 3.424558717000036195e-02 2.357361450000025963e-02 1.786756592000019600e-02 2.612834235283928441e-02
9.903013922029997218e+01 1.881326293999882257e-02 3.186297538617457320e-02 3.116095478666611532e-02 3.098993836000008689e-02 3.122739867999916805e-02 2.978020020000112650e-02 2.698439617284004860e-02 2.923759308000044299e-02 2.929893493999988913e-02 2.617946777999916388e-02 2.712409667000065250e-02 2.943595602283994445e-02 2.743247794999997477e-02 1.282953491000007537e-02 3.815239868666734507e-02 3.104933471333249512e-02 2.650176392000002865e-02 2.981056501284028853e-02 2.825879669999922100e-02 3.416168415333280250e-02 2.359238688666761077e-02 1.768062743000045969e-02 2.630767672283966518e-02
1.000301392202999722e+02 1.901933594000147429e-02 3.200826705283855295e-02 3.098449247999960840e-02 3.099323730999967511e-02 3.128686826999983045e-02 2.971266480000049268e-02 2.699658261284023503e-02 2.921001358999983366e-02 2.934413146999868480e-02 2.599699706000121666e-02 2.703103639000000932e-02 2.959493084284022316e-02 2.733456725999985903e-02 1.304373321999955856e-02 3.828713378000102308e-02 3.070676270999958893e-02 2.651147460999982164e-02 2.997982388284017516e-02 2.814196396000006803e-02 3.430264586999983573e-02 2.357878420000051808e-02 1.748823241000063700e-02 2.652420942283890623e-02
1.010301392202999722e+02 1.924990233000135192e-02 3.200529462283941556e-02 3.059139938500011341e-02 3.115819625500116513e-02 3.148380126999836964e-02 2.951026610999979427e-02 2.700363599284048496e-02 2.925342866999999444e-02 2.952500150999985695e-02 2.590162660000007791e-02 2.682020873000001346e-02 2.976202871284022028e-02 2.722866479000022114e-02 1.328663176999980364e-02 3.825796660999913196e-02 3.048379517000050776e-02 2.652827149000022353e-02 2.999339581284020742e-02 2.829832916000013868e-02 3.436989949333316141e-02 2.335210368666643110e-02 1.749287108000134941e-02 2.675398571283878896e-02
1.020301392202999722e+02 1.939734495333348199e-02 3.183928433950709153e-02 3.011895879999986619e-02 3.165997110999985154e-02 3.122673950000025636e-02 2.976915892999968533e-02 2.692779447284012959e-02 2.932057114000035519e-02 2.950527038000000032e-02 2.575406188999934329e-02 2.673720094000018449e-02 3.000039997284002433e-02 2.699216424000005707e-02 1.351073150000011054e-02 3.819940337999942065e-02 3.030580445000034470e-02 2.669849446666673273e-02 3.008392647617359403e-02 2.823333357999981835e-02 3.450346984000134121e-02 2.320043640999938303e-02 1.757632446999923478e-02 2.673013965284001120e-02
1.030301392202999722e+02 1.950452879999938979e-02 3.150273725284152837e-02 3.000299835999976558e-02 3.199286804000003176e-02 3.099980470000009494e-02 2.998688964000029850e-02 2.678145734284009816e-02 2.945470733000020089e-02 2.931506957999954407e-02 2.598593140000032137e-02 2.648673095999984003e-02 2.998407689284013009e-02 2.702445715999983802e-02 1.350912782000086680e-02 3.825413819999957943e-02 3.024913021999984727e-02 2.676343384999991040e-02 3.022816144284015683e-02 2.800643463999949803e-02 3.451676635999902099e-02 2.317517090000183189e-02 1.782888793999882343e-02 2.651398221284064285e-02
1.040301392202999722e+02 1.948973387999867676e-02 3.151292707284176348e-02 3.000879975999996493e-02 3.183196408999938026e-02 3.096392313666681412e-02 2.996357625333377975e-02 2.703869459284017132e-02 2.945997009000020719e-02 2.924939575000025729e-02 2.595903930999941128e-02 2.638302612000006930e-02 2.992188893284001075e-02 2.708047752999991759e-02 1.366323242000071388e-02 3.829460143999895150e-02 3.005413209000018862e-02 2.695493773000016621e-02 2.999745619284003781e-02 2.801506958000027359e-02 3.453663634999975390e-02 2.317903137000102906e-02 1.799152831999817695e-02 2.654769805284079229e-02
1.050301392202999722e+02 1.972723387000150860e-02 3.127029402283863085e-02 2.988510690999985828e-02 3.209753011999953026e-02 3.079920044000027807e-02 2.998173828000144647e-02 2.723025341283885278e-02 2.932537079999965671e-02 2.942753143000009092e-02 2.574423217000023842e-02 2.605823975599981870e-02 3.024984037684022228e-02 2.703592147000053944e-02 1.403519592333298677e-02 3.813386536666609622e-02 2.984210203000059111e-02 2.717423706999979802e-02 2.994202329283980266e-02 2.806110306000009560e-02 3.449986572000052210e-02 2.325173340000037669e-02 1.778079832999937895e-02 2.676529810283975741e-02
1.060301392202999722e+02 1.974830323000060020e-02 3.125459272283972328e-02 2.975253448999974279e-02 3.225466002000030447e-02 3.075379639999882911e-02 2.983167724000231752e-02 2.746718019950551357e-02 2.905991466333325557e-02 2.965636595000105402e-02 2.574879761999929878e-02 2.558836669999982327e-02 3.066350461283982518e-02 2.699899367999969435e-02 1.425933076000001146e-02 3.800350188000083812e-02 2.959276732999990139e-02 2.741696166999963574e-02 2.974109939283998624e-02 2.804250486999953704e-02 3.472039488999944384e-02 2.324763796000042793e-02 1.775903319000062680e-02 2.675097944284000190e-02
1.070301392202999722e+02 2.002121092399931912e-02 3.117876244884091805e-02 2.955365956000023317e-02 3.208146361999970192e-02 3.069730224000086216e-02 2.981010131999937626e-02 2.771194084617329897e-02 2.880502218666588371e-02 2.959943847333366962e-02 2.589945678666697240e-02 2.549730224999984668e-02 3.090888731284003460e-02 2.702013929999984646e-02 1.425396728999985506e-02 3.783033447000052479e-02 2.951793518999968474e-02 2.748302612000006612e-02 2.991346570284003983e-02 2.767987976333340094e-02 3.492235411666672756e-02 2.307702230333379817e-02 1.793420816666621218e-02 2.691710617283981852e-02
1.080301392202999722e+02 2.023392944999796023e-02 3.101406841284208571e-02 2.937773589999924384e-02 3.212359622000003634e-02 3.071126708000083624e-02 2.979813231999869569e-02 2.776287518284100211e-02 2.864339140999945868e-02 2.961386109000159125e-02 2.588073424999913497e-02 2.549680175999965298e-02 3.098842451284017363e-02 2.713170318000029599e-02 1.436837971999969411e-02 3.751762797999932952e-02 2.963873290000067218e-02 2.737265628000004614e-02 3.010380077284007666e-02 2.753352966000020483e-02 3.486527098000078567e-02 2.312826539999805406e-02 1.801546630000229812e-02 2.698607675283849414e-02
1.090301392202999722e+02 2.032880859999859277e-02 3.101305829284194820e-02 2.929151611000051919e-02 3.220375212999933984e-02 3.070000002000015243e-02 2.963040159000083704e-02 2.781280349283936013e-02 2.857462310000046316e-02 2.980876616999958081e-02 2.568526610999999696e-02 2.549752809000019674e-02 3.100555096283988052e-02 2.730911712999932114e-02 1.451820068000088219e-02 3.718723448999953357e-02 2.981629335000054656e-02 2.719443969999965627e-02 3.034119626284000407e-02 2.729549635999974425e-02 3.485922343666801593e-02 2.313371174333248015e-02 1.794813232999876995e-02 2.723875657284108992e-02
1.100301392202999722e+02 2.049627075999888026e-02 3.101635876284110360e-02 2.924196472999938262e-02 3.218163757000147562e-02 3.051416625999845561e-02 2.981313476999930545e-02 2.781062603284174123e-02 2.838613433999999033e-02 3.006760253999891594e-02 2.543129273000106425e-02 2.556773681999948214e-02 3.101186581284018709e-02 2.748529893000013422e-02 1.452059783000004232e-02 3.700209960999927689e-02 2.993903199000071819e-02 2.706660765999986326e-02 3.052996046284024365e-02 2.724292907999988425e-02 3.487863362000012679e-02 2.310889689999943292e-02 1.769183957999921272e-02 2.754804481284106599e-02
1.110301392202999722e+02 2.035339355333514941e-02 3.100806713283911845e-02 2.925063019000008480e-02 3.192513886999950173e-02 3.051759948000107997e-02 3.006215819999924835e-02 2.758643400283965555e-02 2.835330581999987928e-02 3.013663176999980403e-02 2.538172913000037029e-02 2.561856689000014883e-02 3.120128309283991264e-02 2.730518188000005328e-02 1.469939880000019870e-02 3.681270446999988094e-02 2.987639161000026772e-02 2.732077025999970002e-02 3.029493391284013293e-02 2.740559387000030336e-02 3.504943389999971154e-02 2.295209655999933679e-02 1.750057373000017680e-02 2.760900097284027174e-02
1.120301392202999722e+02 2.025020140999986284e-02 3.100299665284130674e-02 2.926465912999992591e-02 3.167270507999928736e-02 3.051186828000063481e-02 3.031395873999718008e-02 2.751585065284254880e-02 2.817662353999985519e-02 3.030459746000124105e-02 2.506854858999888608e-02 2.594197999000025581e-02 3.127061596283983724e-02 2.723591614999950131e-02 1.476303405000071491e-02 3.674796448999986809e-02 2.975460203999993891e-02 2.750453491000007591e-02 3.024139540284013355e-02 2.702976012799975999e-02 3.549757141199894744e-02 2.268436279000015862e-02 1.755766601000068386e-02 2.774338667284030266e-02
1.130301392202999722e+02 2.012449950000154766e-02 3.101189787283785762e-02 2.937966384999999778e-02 3.150203398999947002e-02 3.049753113000042495e-02 3.050546874999854330e-02 2.758218976284135954e-02 2.793077697999979056e-02 3.050829316000017513e-02 2.468400267999988976e-02 2.630623169000027850e-02 3.116582928284005946e-02 2.733046876999978975e-02 1.465213165000022778e-02 3.686409911000009670e-02 2.963646545999965715e-02 2.749246826000016977e-02 3.037816678283998192e-02 2.658496476000000303e-02 3.593626555999944461e-02 2.227194214400108133e-02 1.787421873599930738e-02 2.784304564284018416e-02
1.140301392202999722e+02 2.031323854999791262e-02 3.101419505284231867e-02 2.921106568000032128e-02 3.133706511999916761e-02 3.065947114000009549e-02 3.051839597999933193e-02 2.781144239284060252e-02 2.766645661000002171e-02 3.076506194000030656e-02 2.443097230000005476e-02 2.630109862999997772e-02 3.127915937283978765e-02 2.724659881999941594e-02 1.481573486000124784e-02 3.667586975000013128e-02 2.982859192999915213e-02 2.748200682000006070e-02 3.021913129284021018e-02 2.649163055999961131e-02 3.603209839999981651e-02 2.186878050800005607e-02 1.836928711200016412e-02 2.774298517284016705e-02
1.150301392202999722e+02 2.050396728000196053e-02 3.101722700283737755e-02 2.919636383999968388e-02 3.091366882333264690e-02 3.108286742666726762e-02 3.080902588399912767e-02 2.755124310884150482e-02 2.743511199999993516e-02 3.101748351999922271e-02 2.421536560000042693e-02 2.629023436999996036e-02 3.150656530284013518e-02 2.719859352000003269e-02 1.482436828999998332e-02 3.650400084999928102e-02 2.999336548000085256e-02 2.748950195999987078e-02 3.028039303284003891e-02 2.624146957000011646e-02 3.620282135999950551e-02 2.158798095400009040e-02 1.870939453599974184e-02 2.768571416284050860e-02
1.160301392202999722e+02 2.051099853999912778e-02 3.102159253283991863e-02 2.923843382999984780e-02 3.073876648999867081e-02 3.126226808000210494e-02 3.126686399999743793e-02 2.726448270284183642e-02 2.742372157000015284e-02 3.080880025999989044e-02 2.421292723999961261e-02 2.628713378000029424e-02 3.149670853284005506e-02 2.726185453000034772e-02 1.477456512999924566e-02 3.672836913000064596e-02 2.975569762999968892e-02 2.750966797999990221e-02 3.048009243284013903e-02 2.600620651999961327e-02 3.654030153999920233e-02 2.098132932000153217e-02 1.898439941999822619e-02 2.776136352284140629e-02
1.170301392202999722e+02 2.054313353999750666e-02 3.098072949284198796e-02 2.925609894000008246e-02 3.057240142999944482e-02 3.143579711999918563e-02 3.123643188999994727e-02 2.727470761284114462e-02 2.752089003999972153e-02 3.075610046999936384e-02 2.421463318000116952e-02 2.623913268999967727e-02 3.150430661284008005e-02 2.729909135999951039e-02 1.472786558000079883e-02 3.678153075999871652e-02 2.970586550000027873e-02 2.751313476000050162e-02 3.026062908284020414e-02 2.603623504999923177e-02 3.670886840000166240e-02 2.083936768999847255e-02 1.893286742999916727e-02 2.802177353284134725e-02
1.180301392202999722e+02 2.076739501000265595e-02 3.097880156283847400e-02 2.903106612999945338e-02 3.053170472000056243e-02 3.147802733999851416e-02 3.121983642000122905e-02 2.733981000284022717e-02 2.766041413000020974e-02 3.079339903999935013e-02 2.351671906000030871e-02 2.693762056000014241e-02 3.128180790283986712e-02 2.748218574999955477e-02 1.476183014000052862e-02 3.657252959999968828e-02 2.992324218000087452e-02 2.751542969999945867e-02 3.002522719284015859e-02 2.577700315599969899e-02 3.720099670400057318e-02 2.058433533999923237e-02 1.895900268000114131e-02 2.821301251283914527e-02
1.190301392202999722e+02 2.074660644000105025e-02 3.101585981283881341e-02 2.900153046000050402e-02 2.988647111714256080e-02 3.211926618285777107e-02 3.124053343999839971e-02 2.709914457284087405e-02 2.792431259999975796e-02 3.058759766000002794e-02 2.282252653999987738e-02 2.783148346000016357e-02 3.126114255283991838e-02 2.750464706999973877e-02 1.474813079000014161e-02 3.634673767000058675e-02 3.016539916999920468e-02 2.751219484000030219e-02 2.964808179284009540e-02 2.550651930999993031e-02 3.784513169000019994e-02 2.034469604000041856e-02 1.916450194000208357e-02 2.825721915283731928e-02
1.200301392202999722e+02 2.069690552000247319e-02 3.124632397283805957e-02 2.898923187999971618e-02 2.927787627999932710e-02 3.301075500800070700e-02 3.079933715199877076e-02 2.701414090284108560e-02 2.799965439000006925e-02 3.067636108000078993e-02 2.239874064666628334e-02 2.835446981333273470e-02 3.125800001284005647e-02 2.749512328000055378e-02 1.475376281999997430e-02 3.607430725999948018e-02 3.020486754999967757e-02 2.774239502000045918e-02 2.926379834283989248e-02 2.537404480666676301e-02 3.835638427333275952e-02 2.025663452000153394e-02 1.902800293999898709e-02 2.830680314284006807e-02
1.210301392202999722e+02 2.087753295000147752e-02 3.114519560283790858e-02 2.903893356999942554e-02 2.907577209000010085e-02 3.355209350999939499e-02 3.033002929000067419e-02 2.717479536284029065e-02 2.788570707999970047e-02 3.064639588000136333e-02 2.234313353999916804e-02 2.864100342000019603e-02 3.125557197283979072e-02 2.749148901000025846e-02 1.475039522999941309e-02 3.599987180000025627e-02 3.022260131999958063e-02 2.780186768000057762e-02 2.901432935283992237e-02 2.535313110000024517e-02 3.862426452000072147e-02 2.022313843999873004e-02 1.904173583000083603e-02 2.813525068283945565e-02
1.220301392202999722e+02 2.090390015000302693e-02 3.098222944283791219e-02 2.902330015999977919e-02 2.899966888999988557e-02 3.363446350000012797e-02 3.039581298000120987e-02 2.730292342283885398e-02 2.768899687000011753e-02 3.082550048999837741e-02 2.217243347000132786e-02 2.863153381999982219e-02 3.136042310284028328e-02 2.762433168000024905e-02 1.474520263000013084e-02 3.578016662000008813e-02 3.037466736999942796e-02 2.783336180000005669e-02 2.881190168284010825e-02 2.536889801999968677e-02 3.863353271000014716e-02 2.036883545000018822e-02 1.898356325000058811e-02 2.803409042283931327e-02
1.230301392202999722e+02 2.068759766999864885e-02 3.099499722284001710e-02 2.900793686000070065e-02 2.906695860999898226e-02 3.376043701000017161e-02 3.045349122000043374e-02 2.705591688884005641e-02 2.768116026399977322e-02 3.108119506999937678e-02 2.191980591000049217e-02 2.882036437999995621e-02 3.120008985284039235e-02 2.781363830000009238e-02 1.478373413999943368e-02 3.571220092000003399e-02 3.017966308999987107e-02 2.808813476000050421e-02 2.874979688284020132e-02 2.526697795999983259e-02 3.873715107999984447e-02 2.018103637000022085e-02 1.907220460000098525e-02 2.794963694283890063e-02
1.240301392202999722e+02 2.050620116000063595e-02 3.081449720683863275e-02 2.924296264600023329e-02 2.925996094999864031e-02 3.368734129000222621e-02 3.056057128999673314e-02 2.658700316284214396e-02 2.787299118000046219e-02 3.112712859999956089e-02 2.186777038000020656e-02 2.900007020000011995e-02 3.101610623283995727e-02 2.799464950000001354e-02 1.481609496999953916e-02 3.568393556000083039e-02 2.999567259999987370e-02 2.815230103999965747e-02 2.887209301283983134e-02 2.478513793600010257e-02 3.922542725400038344e-02 1.999093933999974981e-02 1.912676389999978799e-02 2.788600866284016155e-02
1.250301392202999722e+02 2.050636596999975275e-02 3.062436735283902145e-02 2.968269273000005357e-02 2.906610106000079990e-02 3.365444029999999087e-02 3.079039307999774031e-02 2.633068754284197469e-02 2.793971174999969678e-02 3.124713135999991273e-02 2.169033507000005939e-02 2.906036682000012750e-02 3.094833585283995533e-02 2.805942918000036909e-02 1.501717121666612184e-02 3.542245585333343022e-02 2.999546814000007139e-02 2.832857055999993615e-02 2.870049496284009238e-02 2.450509721000016655e-02 3.956979980000032565e-02 1.994740600000077455e-02 1.928199464000062910e-02 2.776360684283811150e-02
1.260301392202999722e+02 2.044973754999955540e-02 3.064966259283994493e-02 3.000877279333314523e-02 2.822304688000003281e-02 3.427982076000044703e-02 3.084045614666440505e-02 2.613835277284217579e-02 2.803667907999952275e-02 3.135532836000056583e-02 2.149513551000002340e-02 2.930180053000003629e-02 3.070197660283974922e-02 2.830782088999967555e-02 1.481703644500084911e-02 3.537289886499929426e-02 2.999235839999985290e-02 2.854263305000040440e-02 2.849020292283985234e-02 2.476786728000006377e-02 3.955519408999898928e-02 1.987106934000039404e-02 1.947002767333276541e-02 2.749474379950793412e-02
1.270301392202999722e+02 2.045404054000100544e-02 3.051266461284014853e-02 3.024503631999941877e-02 2.749332885000039736e-02 3.479566955000045619e-02 3.070106201999878853e-02 2.632254621284102827e-02 2.797012175999989345e-02 3.149389344000082941e-02 2.125916747999892845e-02 2.948606568000031874e-02 3.052108517283995751e-02 2.849491348000010582e-02 1.467061360666654067e-02 3.530665690333311540e-02 2.978351807000019502e-02 2.899797607999989729e-02 2.823863201284020769e-02 2.502306975999999891e-02 3.950673217999865067e-02 1.974046021000103873e-02 1.975881959000107616e-02 2.724357072283908193e-02
1.280301392202999580e+02 2.052150268000113922e-02 3.049199964283891284e-02 3.017669677999983840e-02 2.734096679000067379e-02 3.499093017999839461e-02 3.049116821000061317e-02 2.651049405284086266e-02 2.800930100999976177e-02 3.152483519999877554e-02 2.121766968000176820e-02 2.952213133999976105e-02 3.052162916283978136e-02 2.849979704999950486e-02 1.473210298000049087e-02 3.499349974999931695e-02 2.946362915666706980e-02 2.954107055333343029e-02 2.802219525284044624e-02 2.519968719499993473e-02 3.947968140499979323e-02 1.981079711999918919e-02 1.970243530000007071e-02 2.731887113284067400e-02
1.290301392202999580e+02 2.074716187000158127e-02 3.027256452283856938e-02 3.023382720000008725e-02 2.707690431000082595e-02 3.542772827000007646e-02 3.025360105999861868e-02 2.648524229284032402e-02 2.802392197000008398e-02 3.176807404000064894e-02 2.098109740999882372e-02 2.976139832000044422e-02 3.050264111284013702e-02 2.851195070000066972e-02 1.474300535999937059e-02 3.475619811999931807e-02 2.878539206727352695e-02 3.021040263272712842e-02 2.826159876283982145e-02 2.526066513000041480e-02 3.924200440999993378e-02 1.975480650999961521e-02 1.976169433999748482e-02 2.749017670284267800e-02
1.300301392202999580e+02 2.075779419000027548e-02 3.026759930283972125e-02 3.023526306999919921e-02 2.696264801000070391e-02 3.558722534000116622e-02 3.020172119999769977e-02 2.627823087284107337e-02 2.804297103999961113e-02 3.199380798000056592e-02 2.095772705000001693e-02 2.978386229999959930e-02 3.042249051284015918e-02 2.854964221000045807e-02 1.478886715999979014e-02 3.471166992000071505e-02 2.780792847999857820e-02 3.118813476000032239e-02 2.830019361284030407e-02 2.521993408000052991e-02 3.926673278999951583e-02 1.957736815999960509e-02 1.996123047000146478e-02 2.746326801283869440e-02
