# r	stdNi	stdCo	stdCr
5.334264270796764151e+01 5.321791517904073988e-03
3.556176180531176101e+01 8.440484650975953532e-03
2.667132135398382076e+01 1.269595359935465559e-02
2.133705708318705518e+01 1.517401730659500778e-02
1.778088090265588050e+01 2.178649061736305861e-02
1.524075505941932640e+01 2.688590702973486443e-02
1.333566067699191038e+01 3.221591741984890928e-02
1.185392060177058760e+01 3.748881747014697757e-02
1.066852854159352759e+01 4.590058215370625139e-02
9.698662310539571507e+00 5.189322813777363930e-02
8.206560416610406250e+00 6.975953207462604055e-02
7.620377529709663200e+00 7.623284421353063167e-02
6.667830338495955189e+00 9.424914636430949122e-02
5.926960300885293798e+00 1.113458542188303507e-01
5.334264270796763796e+00 1.366008763463388842e-01
4.638490670258056170e+00 1.678726649314148944e-01
4.103280208305203125e+00 2.002425508234786933e-01
3.678802945377078526e+00 2.291176759785114869e-01
3.333915169247977595e+00 2.790421784087844803e-01
2.963480150442646899e+00 3.484041729064478177e-01
2.667132135398381898e+00 3.974129877915955622e-01
2.370784120354117341e+00 4.339186783231178124e-01
2.091868341488927197e+00 4.584753201646232790e-01
