# r	vx_0	vx_1	vx_2	vx_3	vx_4	vx_5	vx_6	vx_7	
5.000000000000000000e-01 2.756715389999993704e+01 1.625194488599999545e+02 -1.232598859999939123e+00 2.168808000000012726e+00 -4.283139999995455582e-02 4.766839999990679644e-02 -1.300049999991870209e-02 6.683399999928951729e-03
1.500000000000000000e+00 2.894081109999996215e+01 1.630964965999999094e+02 -2.452819799999758743e+00 1.501815799999860701e+00 6.193237500000350337e-01 3.784174999998413114e-02 -1.683044999998628555e-02 5.172749999928782927e-03
2.500000000000000000e+00 3.147334895999989612e+01 1.608911376400002382e+02 -2.525970400000232985e+00 1.496307399999977861e+00 1.279006950000166398e+00 2.915949999999156717e-02 -1.148985000020275038e-02 1.417540000011285883e-02
3.500000000000000000e+00 3.308016965000001619e+01 1.585293273500003579e+02 -2.365158050000445655e+00 1.540329000000156157e+00 8.631896499998674699e-01 4.031380000014905818e-02 -2.133180000009815558e-02 1.266480000003866735e-02
4.500000000000000000e+00 3.504759220000016740e+01 1.562877654499997107e+02 -1.147689749999699416e+00 1.155334400000128880e+00 2.482609999970009085e-02 2.581787000001440902e-01 -2.734379999992597732e-02 2.099610000004759058e-02
5.500000000000000000e+00 3.719439189999985729e+01 1.539644520500002614e+02 3.099064999969414202e-02 -2.969360000020060397e-02 -1.246642999992673140e-01 2.676696499997888168e-01 -1.998905000004924659e-02 3.982550000046103378e-03
6.500000000000000000e+00 3.791885379999985162e+01 1.532495116000000053e+02 1.531990000057703583e-02 -5.340600000636186451e-03 -1.581725999994887388e-01 5.299375000004147296e-02 -2.099610000004759058e-02 1.998949999688193202e-03
7.500000000000000000e+00 3.897567744999992101e+01 1.523819886000001134e+02 2.133179999964340823e-02 -1.361089999954856467e-02 3.265379999993456295e-02 4.064939999989292119e-02 -1.431270000011863885e-02 -1.678499999798077624e-03
8.500000000000000000e+00 4.146658934000026875e+01 1.510250641099995619e+02 -1.083511349999753293e+00 1.100707950000014534e+00 3.297425000027942588e-02 3.317259999994348618e-02 -4.837049999878217932e-03 -1.350400000001172884e-02
9.500000000000000000e+00 4.627369859999998880e+01 1.460788252000002103e+02 -1.203811700000187557e+00 1.018463200000041979e+00 4.751892000003863359e-01 2.966319999995903345e-02 6.011800000123912469e-03 -1.666260000001784647e-02
1.050000000000000000e+01 4.781686405000027662e+01 1.433529662999999346e+02 -7.748404999983904418e-02 1.732685499991930556e-01 1.511942500001168810e-01 4.335020000007716590e-02 -2.838149999661254697e-03 -6.164499999613326509e-03
1.150000000000000000e+01 4.799937440000030620e+01 1.432606200999998691e+02 4.068000000006577466e-02 -2.569580000090354588e-02 1.000970000131928828e-02 4.965209999863873236e-02 -6.713000002491753548e-04 -1.232909999998810235e-02
1.250000000000000000e+01 4.747801208333413570e+01 1.433459777999996732e+02 3.218075000040698797e-02 -2.050780000081431353e-02 7.995650000339082908e-03 5.166624999947089236e-02 6.714000001011299901e-04 -1.000979999935225351e-02
1.350000000000000000e+01 4.920104977999983475e+01 1.420737762200000134e+02 2.313234999928681646e-02 -1.278689999980997527e-02 1.487274500004787114e-01 1.264342999993459671e-01 9.674099999756435864e-03 -1.400759999887668528e-02
1.450000000000000000e+01 5.027468875000022308e+01 1.399144897500000297e+02 1.565560000017285347e-02 7.370298999994702172e-01 -4.858092999996301842e-01 3.511505000008696697e-01 -3.630218500011324068e-01 -3.326400000332796481e-03
1.550000000000000000e+01 5.028601069999967876e+01 1.397993470000001253e+02 1.531980000072508119e-02 1.242004349999660917e+00 -1.235992450000594545e+00 1.281005900001218833e+00 -1.243347200000243902e+00 3.356999986863229424e-04
1.650000000000000000e+01 5.029365544999882331e+01 1.398531952000012097e+02 -3.683472000002439017e-01 1.239990249999209482e+00 -8.449859499987724121e-01 8.926543499992476427e-01 -1.033660900000541005e+00 -2.990699998917989433e-03
1.750000000000000000e+01 5.030332949999956327e+01 1.394693451000002824e+02 -1.247512800000549760e+00 1.247665350000715989e+00 2.190094499992483179e-01 2.899170000091544352e-02 -1.221771500004251720e-01 -6.149249999907624442e-03
1.850000000000000000e+01 5.048750309999923047e+01 1.374268188000014561e+02 -5.011596000003919471e-01 1.241836500000317756e+00 2.255096499993669568e-01 3.749084999981278088e-02 -4.675110199997902782e-01 4.681823699995106836e-01
1.950000000000000000e+01 5.164569085000221094e+01 1.363091431499979080e+02 -5.748291500003688270e-01 5.086568333335890202e-01 1.812743333357502706e-02 3.155516666691937644e-02 -2.842610833328649278e-01 2.757060166659357492e-01
2.050000000000000000e+01 5.167184439999891765e+01 1.358176574999997683e+02 2.600100000199745409e-02 -2.233890000206883997e-02 1.199339999948279001e-02 3.735350000170001294e-02 -4.028299999845330603e-03 -6.988499999351915903e-03
2.150000000000000000e+01 5.050616454999908456e+01 1.357630157500007044e+02 3.614804999961052090e-02 -1.715089999925112352e-02 1.831049999964307062e-03 2.569886000001133652e-01 -7.659999999305000529e-03 -2.655000000231666490e-03
2.250000000000000000e+01 4.945150754999940546e+01 1.349488525500019023e+02 3.329469999880529940e-02 -2.496339999925112352e-02 1.129149999906076118e-02 2.468719500011502532e-01 -6.027250001352513209e-03 -1.800499998353188857e-03
2.350000000000000000e+01 4.793966669999917940e+01 1.346853637999993225e+02 3.829960000075516291e-02 -2.731320000020787120e-02 1.696780000202124938e-02 4.205319999891798943e-02 2.624400000058813021e-03 -1.730339999994612299e-02
2.450000000000000000e+01 4.872816475000036007e+01 1.335643615499993757e+02 3.750610000133747235e-02 -2.569580000090354588e-02 2.400210000087099615e-02 2.583309999863558915e-02 1.518250000117404852e-02 -2.484130000084405765e-02
2.550000000000000000e+01 4.999165340000035940e+01 1.315809580666664260e+02 2.401736666678289112e-02 -2.079260000152771681e-02 1.823926666719444256e-02 3.842570500000874745e-01 2.633659999992232770e-02 -1.367184999980963767e-02
2.650000000000000000e+01 4.940264895000018441e+01 1.307103576999979850e+02 2.630610000051092356e-02 -1.733400000011897646e-02 6.714000010106246918e-04 2.275086000008741394e-01 1.933279999866499566e-02 -7.827699999324977398e-03
2.750000000000000000e+01 4.810629270000208635e+01 1.302132314499976928e+02 1.180010000098263845e-02 -2.070106666724313982e-02 1.425166666740551591e-02 4.064943333168002937e-02 6.123899999977311381e-03 1.285810000143783327e-02
2.850000000000000000e+01 4.689068599999882281e+01 1.296179810000030557e+02 7.354699999268632382e-03 -2.136230000178329647e-02 1.568599999882280827e-02 4.830930000025546178e-02 2.014200003031874076e-03 2.099610000004759058e-02
2.950000000000000000e+01 4.612066649999997026e+01 1.294816741499998898e+02 8.819600001515937038e-03 -1.332094999997934792e-02 1.916509999864501879e-02 2.682490000006509945e-02 4.013100000520353206e-03 2.281645999992178986e-01
3.050000000000000000e+01 4.517051695000282052e+01 1.295325011499990069e+02 7.995600000867852941e-03 6.713999973726458848e-04 1.232910000180709176e-02 2.301029999944148585e-02 5.981400001473957673e-03 2.020111499969061697e-01
3.150000000000000000e+01 4.537300105000031181e+01 1.295886688499995216e+02 1.565550000304938294e-02 1.678499997069593519e-03 0.000000000000000000e+00 2.291564333354472183e-01 -1.821593333334021736e-01 -1.065060000109951943e-02
3.250000000000000000e+01 4.605700675000116462e+01 1.295708312999995542e+02 2.783204999832378235e-02 -1.899719999892113265e-02 4.333450000558514148e-03 2.188114999989920761e-02 1.878355000008014031e-02 -5.035500016674632207e-04
3.350000000000000000e+01 4.526800540000112960e+01 1.295183563000009599e+02 4.698180000013962854e-02 -3.034970000044268090e-02 1.017760000104317442e-02 2.485045999983412912e-01 -7.659899998543551192e-03 -5.340600000636186451e-03
3.450000000000000000e+01 4.527433780000137631e+01 1.292413482499978272e+02 -8.228454999989480712e-01 6.433412000005773734e-01 -6.530152000013913494e-01 5.441742000020894920e-01 5.035499998484738171e-04 3.829949999271775596e-03
3.550000000000000000e+01 4.530052185000204190e+01 1.295655059500004427e+02 -1.045349100000748876e+00 1.245498599999336875e+00 -1.234481800000139629e+00 1.267166150000775815e+00 -3.677350001453305595e-03 2.217100000052596442e-02
3.650000000000000000e+01 4.512200930000108201e+01 1.283106587666661653e+02 -5.103504666676599300e-01 5.203399000001809327e-01 -4.958191000005172100e-01 5.338338333337446784e-01 -5.889866667246224097e-03 1.588946666623769488e-02
3.750000000000000000e+01 4.553817749999871012e+01 1.269451293999991321e+02 1.602170000114711002e-02 -7.324199999857228249e-03 1.632690000042202882e-02 2.798459999758051708e-02 -4.638599999452708289e-03 2.990699998917989433e-03
3.850000000000000000e+01 4.529083259999970323e+01 1.260142821499994170e+02 1.087949999964621384e-02 -5.844100000103935599e-03 2.381744499998603715e-01 2.761839999948279001e-02 -3.295899998192908242e-03 7.995600000867852941e-03
3.950000000000000000e+01 4.524633790000007139e+01 1.256746215999955893e+02 3.357000023243017495e-04 3.997799998614937067e-03 2.345276000014564488e-01 2.046204999896872323e-02 -9.613500005798414350e-04 1.397710000310325995e-02
4.050000000000000000e+01 4.508734125000228232e+01 1.257346496999998635e+02 -1.000980000026174821e-02 6.683399999019457027e-03 2.365109999664127827e-02 1.068120000127237290e-02 2.319300001545343548e-03 1.467900000352528878e-02
4.150000000000000000e+01 4.311100002500097617e+01 1.257626952999999048e+02 -7.522550000430783257e-03 1.159650000772671774e-03 3.184509999846341088e-02 6.668100002571009099e-03 2.119903499951760750e-01 1.199340000312076882e-02
4.250000000000000000e+01 4.115565494999827933e+01 1.258040008500047406e+02 3.326449996166047640e-03 -1.318364999860932585e-02 3.802489999725366943e-02 1.081850000264239497e-02 9.483846666745421317e-02 -1.166281667002522227e-02
4.350000000000000000e+01 4.139031980000072508e+01 1.258173523000004934e+02 -2.014099998632445931e-03 -1.098640000418527052e-02 3.231809999851975590e-02 1.367190000019036233e-02 6.714000046486034989e-04 -1.813507000006211456e-01
4.450000000000000000e+01 4.150834654999925988e+01 1.259846649499995692e+02 -6.347700000333134085e-03 2.014199999393895268e-03 2.465820000361418352e-02 5.676299995684530586e-03 -2.014199999393895268e-03 1.934810000238940120e-02
4.550000000000000000e+01 4.109031669999785663e+01 1.271221618999989005e+02 -4.318249997595557943e-03 9.155300002021249384e-03 1.982119999956921674e-02 -4.883500005234964192e-04 -5.828800003655487671e-03 2.433775000463356264e-02
4.650000000000000000e+01 4.030603029999838327e+01 1.270186614999984158e+02 -7.354799996392102912e-03 2.700799999729497358e-03 2.553101000012247823e-01 -9.643600002164021134e-03 -3.356900000653695315e-03 1.770019999821670353e-02
4.750000000000000000e+01 4.139671324999835633e+01 1.258584899500019674e+02 6.272888999956194311e-01 7.019000040600076318e-04 -4.047089000014238991e-01 3.185730000004696194e-01 -7.553100000222912058e-03 1.953130000038072467e-02
4.850000000000000000e+01 4.149270629999955418e+01 1.259049988000006124e+02 1.247146599998814054e+00 5.340999996406026185e-04 -1.224365299996861722e+00 1.270675699997809716e+00 -7.858250002755085006e-03 2.387995000390219502e-02
4.950000000000000000e+01 4.102468865000446385e+01 1.255608367999957409e+02 9.044647000046097673e-01 3.692699996463488787e-03 -8.825073499974678271e-01 9.331664499986800365e-01 -9.338299998489674181e-03 2.603149999777087942e-02
5.050000000000000000e+01 4.061448665000170877e+01 1.257105102499990608e+02 -1.733394999973825179e-02 7.354749999649357051e-03 2.813724999941769056e-02 2.273406000022077933e-01 -1.034539999818662181e-02 1.904299999296199530e-02
5.150000000000000000e+01 3.856727593333380355e+01 1.274392242666654056e+02 -1.382450000164681114e-02 -1.381376999961503316e-01 2.896119999786606058e-02 -1.818390500011446420e-01 -3.204499989806208760e-04 1.951600000029429793e-02
5.250000000000000000e+01 3.771203609999793116e+01 1.283099671000018134e+02 -1.431279999815160409e-02 2.213439999941329006e-01 3.900145000079646707e-02 9.613500042178202420e-04 2.212499995948746800e-03 2.529910000157542527e-02
5.350000000000000000e+01 3.774549864999789861e+01 1.282635040500026662e+02 -1.538391500034776982e-01 1.443634000024758279e-01 3.448484999898937531e-02 1.164250000147148967e-02 3.692599999340018257e-03 1.383974999771453440e-02
5.450000000000000000e+01 3.783232124999994994e+01 1.282226715500000864e+02 -1.306839050001144642e+00 1.296188450000045123e+00 3.765859999839449301e-02 1.699830000143265352e-02 9.002700004202779382e-03 3.662099996290635318e-03
5.550000000000000000e+01 3.896067810000204190e+01 1.270660095499988529e+02 -1.156677300001319963e+00 1.363678050001908559e+00 4.266349999670637771e-02 2.319400002306792885e-03 1.766969999880529940e-02 2.319300001545343548e-03
5.650000000000000000e+01 3.888652039999942644e+01 1.270414886000035040e+02 -1.983600006496999413e-03 2.236328000035427976e-01 4.885859999922104180e-02 -6.637549999140901491e-03 2.296444999956293032e-02 6.561500013049226254e-04
5.750000000000000000e+01 3.787733464999655553e+01 1.272786865000016405e+02 -4.333500000939238816e-03 1.528930000495165586e-02 4.171749999659368768e-02 5.004899998311884701e-03 1.464839999971445650e-02 1.098640000418527052e-02
5.850000000000000000e+01 3.850134279999838327e+01 1.261936646499998460e+02 1.525849998870398849e-03 1.148467950002668658e+00 4.263304999767569825e-02 1.087954999820794910e-02 1.464800003304844722e-03 -9.149932500004069880e-01
5.950000000000000000e+01 3.769583125000281143e+01 1.266018371999962255e+02 9.674050001194700599e-03 6.635132500014151447e-01 3.894040000159293413e-02 1.672359999793116003e-02 -7.385199998680036515e-03 -9.288025500027288217e-01
6.050000000000000000e+01 3.667622375000064494e+01 1.268159789999990608e+02 1.763919999939389527e-02 5.180206000040925574e-01 -2.830353500030469149e-01 1.153570000315085053e-02 3.216400000019348226e-01 -3.063049000011233147e-01
6.150000000000000000e+01 3.638252250000368804e+01 1.279668121499998961e+02 2.230834999863873236e-02 2.797088500010431744e-01 -2.625274499987426680e-01 2.568054999937885441e-02 2.976684500026749447e-01 -3.641510000052221585e-01
6.250000000000000000e+01 3.610150155000155792e+01 1.291166687000004458e+02 1.566313999974227045e-01 2.900543499999912456e-01 -2.701721500015992206e-01 -1.051940999968792312e-01 5.035399997723288834e-03 -2.061919999978272244e-01
6.350000000000000000e+01 3.514784244999827933e+01 1.291589762000027690e+02 4.313252999975816238e-01 1.481384400001843460e+00 -1.458007900000666268e+00 2.545013500021013897e-01 -1.998950003326172009e-03 1.965334999840706587e-02
6.450000000000000000e+01 3.474349980000260985e+01 1.302566375499991409e+02 -6.561499976669438183e-04 1.569168149999313755e+00 -1.537826600000698818e+00 2.415465000012773089e-02 -2.349800000956747681e-03 1.884454999890294857e-02
6.550000000000000000e+01 3.376348874999894178e+01 1.328156814500016480e+02 1.425172500057669822e-02 9.287185749999480322e-01 -8.899917499984439928e-01 2.324854499977959676e-01 -5.106600001454353333e-03 3.768950001074244938e-03
6.650000000000000000e+01 3.265429690000019036e+01 1.348578490999971109e+02 1.933294999980716966e-02 2.165220000097178854e-02 -1.835021499973663595e-01 -9.160004000041226391e-01 -3.005999999004416168e-03 -8.219366666423866263e-03
6.750000000000000000e+01 3.264865110000027926e+01 1.357825165000031120e+02 2.633669999704579823e-02 2.263336000032722950e-01 -1.286774000000150409e-01 3.068539999731001444e-02 -7.339449999562930316e-03 1.081844999862369150e-02
6.850000000000000000e+01 3.267549135000081151e+01 1.356011810500021966e+02 1.531979999708710238e-02 2.343445000005885959e-01 1.565554999979212880e-02 3.483580000101937912e-02 -3.326450001623015851e-03 2.319350001926068217e-03
6.950000000000000000e+01 3.263201910000498174e+01 1.346906432999967365e+02 1.269529999990481883e-02 8.878326500016555656e-01 -8.665313499986950774e-01 3.570549999858485535e-02 8.735047000009217300e-01 -2.038575000042328611e-01
7.050000000000000000e+01 3.180735774999993737e+01 1.344936523499964096e+02 1.232513450002443278e+00 8.450319999974453822e-02 -1.057708799999090843e+00 3.439329999673645943e-02 1.073974700004328042e+00 2.238463499961653724e-01
7.150000000000000000e+01 3.135952749999705702e+01 1.353459929999989981e+02 1.598846400000184076e+00 -1.162002449997089570e+00 -7.016907500037632417e-01 3.503415000159293413e-02 9.336548499995842576e-01 2.655000003869645298e-03
7.250000000000000000e+01 3.134469604999685544e+01 1.357593079000071157e+02 1.535339299996849149e+00 -8.760070999996969476e-01 -4.004973000010068063e-01 4.418939999959548004e-02 -4.180899999482790008e-03 5.035499998484738171e-04
7.350000000000000000e+01 3.087905879999743775e+01 1.367408142500025860e+02 6.471710499972687103e-01 -3.063507499973638915e-01 -3.081665000026987400e-01 5.900570000449079089e-02 -2.200315000300179236e-02 2.670300003956072032e-03
7.450000000000000000e+01 3.011520385000039823e+01 1.370596618499985198e+02 1.224823000000469619e+00 -2.860107500018784776e-01 -9.138183499999286141e-01 6.365970000479137525e-02 -3.268430000025546178e-02 1.863555499949143268e-01
7.550000000000000000e+01 3.009967039999901317e+01 1.373526916000009805e+02 1.851654050002252916e+00 -1.560058500035665929e-01 -1.655334399998537265e+00 4.582210000080522150e-02 -1.882929999919724651e-02 7.171599998400779441e-03
7.650000000000000000e+01 3.012466430000131368e+01 1.384421844999960740e+02 1.040985000006912742e+00 2.368317499931436032e-01 -1.245834349996584933e+00 5.801400000200374052e-02 -1.434340000560041517e-02 1.050109500029066112e-01
7.750000000000000000e+01 2.809830469999724301e+01 1.400885238999981084e+02 9.800109500029066112e-01 -1.171874500032572541e-01 -1.206680349998350721e+00 2.403717499983031303e-01 1.784820000029867515e-01 8.484955000021727756e-01
7.850000000000000000e+01 2.637995914999919478e+01 1.420423583500014502e+02 2.011329599999953643e+00 -1.557502700003169593e+00 -1.634185750001051929e+00 1.329345700003614184e+00 1.213378000029479153e-01 1.333619999786606058e-02
7.950000000000000000e+01 2.669747925000046962e+01 1.417335204500050168e+02 3.979507449996162904e+00 -2.629165599999396363e+00 -2.453033500001765788e+00 1.285202049995859852e+00 1.127655000003869645e+00 1.950074999695061706e-02
8.050000000000000000e+01 2.635946654999861494e+01 1.420841674500043155e+02 3.934021099994424731e+00 -2.591339200000220444e+00 -2.517501799997262424e+00 1.831511999953363556e-01 2.377334650009288453e+00 1.736449999225442298e-02
8.150000000000000000e+01 2.616464229999837698e+01 1.422926636000047438e+02 3.724014249990432290e+00 -2.434692349997931160e+00 -2.550476099997467827e+00 3.749084999799379148e-02 2.565826450001623016e+00 2.295226999995065853e-01
8.250000000000000000e+01 2.427198791666404531e+01 1.448030904333378430e+02 2.887903799996536236e+00 -2.469177250000939239e+00 -2.540161099997931160e+00 -1.420135500011383556e-01 2.509338300005765632e+00 -1.061400500038871542e-01
8.350000000000000000e+01 2.272032165000200621e+01 1.475756759750001947e+02 2.518737824997515418e+00 -2.472671524999896064e+00 -2.519241325000621146e+00 -2.105941700014000162e-01 2.517492640000966730e+00 1.245729999794775722e-02
8.450000000000000000e+01 2.149897764999695937e+01 1.495053711000036856e+02 2.517974800000956748e+00 -2.466354349999164697e+00 -2.509323150006821379e+00 3.619995499975630082e-01 2.185989350007730536e+00 1.618954999867128208e-02
8.550000000000000000e+01 2.121563719999539899e+01 1.498466797000073711e+02 3.448165899993909989e+00 -1.025570699998922919e+00 -4.906604000000527321e+00 1.634841900005994830e+00 9.214629999987664632e-01 2.404498299991246313e+00
8.650000000000000000e+01 2.112179560000367928e+01 1.499438476499926765e+02 4.416656550005427562e+00 3.166200000123353675e-02 -5.845156880003912647e+00 1.498171980008180526e+00 -2.037050000944873318e-02 4.248840400003246032e+00
8.750000000000000000e+01 2.019996650000030058e+01 1.521109924099982891e+02 3.424194339997484349e+00 2.166739999665878713e-02 -3.630828799996379530e+00 3.383640000174636953e-02 -2.252202499585109763e-02 3.455162025002209703e+00
8.850000000000000000e+01 2.015530389999912586e+01 1.543282012499985285e+02 2.143493700001272373e+00 1.701350000075763091e-02 -2.465652449995104689e+00 4.682929999398766086e-02 -7.553149996965657920e-03 2.486343349992239382e+00
8.950000000000000000e+01 2.014263910000590840e+01 1.552890320000005886e+02 1.923355099992477335e+00 2.017210000485647470e-02 -2.084167400003934745e+00 3.901665000739740208e-02 -2.288815000792965293e-02 2.123672450004960410e+00
9.050000000000000000e+01 1.979333495000173571e+01 1.562340240500052460e+02 8.978576499939663336e-01 7.324200007133185863e-03 -1.062011700007133186e+00 5.468750000000000000e-02 -6.378199992468580604e-03 1.069702199994935654e+00
9.150000000000000000e+01 1.856965635000233306e+01 1.575226898000037181e+02 3.367620000062743202e-02 1.615904999198392034e-02 -3.541717499974765815e-01 4.516600000351900235e-02 -1.466365000669611618e-02 1.331634500020300038e-01
9.250000000000000000e+01 1.775830090000090422e+01 1.583346861999962130e+02 4.733270000724587590e-02 2.734380000038072467e-02 -7.751465000183088705e-02 5.917354999837698415e-02 -1.866149999841582030e-02 1.216130000102566555e-02
9.350000000000000000e+01 1.769032289999813656e+01 1.583908386000039172e+02 3.450014999543782324e-02 3.799440000148024410e-02 -2.165224999771453440e-02 5.815124999935505912e-02 -1.031489999877521768e-02 3.158549996442161500e-03
9.450000000000000000e+01 1.768382265000036568e+01 1.583456725999967603e+02 1.194671700002800208e+00 2.433775000099558383e-02 -1.533510000444948673e-02 5.183410000609001145e-02 -1.365660000010393560e-02 1.298519999545533210e-02
9.550000000000000000e+01 1.764030455000101938e+01 1.583778228999981366e+02 1.573852500005159527e+00 2.116399999795248732e-02 -1.216125000064494088e-02 5.415340000035939738e-02 -1.731874999677529559e-02 1.400759999523870647e-02
9.650000000000000000e+01 1.761203019999811659e+01 1.589649657999980263e+02 9.186706000036792830e-01 1.031489999149926007e-02 -1.031489999149926007e-02 6.365959999675396830e-02 -2.667229999497067183e-02 2.099609999277163297e-02
9.750000000000000000e+01 1.779850775000159047e+01 1.599369963999997708e+02 3.765870000643189996e-02 2.017214999796124175e-02 -1.368714999989606440e-02 6.033324999589240178e-02 -2.165220000460976735e-02 1.548765000188723207e-02
9.850000000000000000e+01 1.613242340000033437e+01 1.621539337200010777e+02 3.658449999932145147e-02 1.627193999883047582e-02 -2.007448000080103157e-02 -1.931396049970999229e-01 -2.025607500036130659e-02 2.825167499759118073e-02
9.950000000000000000e+01 1.420750414999565692e+01 1.643256684000079986e+02 3.068539999367203563e-02 2.215574999718228355e-02 -1.983639999525621533e-02 -3.023223999989568256e-01 -1.866149999841582030e-02 3.347779999603517354e-02
1.005000000000000000e+02 1.392401124999742024e+01 1.645986632500062115e+02 3.335569999762810767e-02 2.066039999772328883e-02 -2.499380000517703593e-02 2.933196500016492791e-01 -1.649470000120345503e-02 2.848815000470494851e-02
1.015000000000000000e+02 1.357017515000188723e+01 1.649419860999914818e+02 4.217530000460101292e-02 1.400754999485798180e-02 -4.165649996139109135e-03 4.249574999994365498e-02 -1.734919999580597505e-02 3.401180000219028443e-02
1.025000000000000000e+02 1.270533744999556802e+01 1.666539306499980739e+02 3.741452500253217295e-02 6.835924999904818833e-03 1.648000001296168193e-03 2.473906833292858209e-01 -1.844273332972079515e-02 3.577673333347775042e-02
1.035000000000000000e+02 1.363381954999204027e+01 1.674498291000054451e+02 3.482059999805642292e-02 -1.495399992563761771e-03 1.014714999473653734e-02 -1.108154350004042499e+00 -2.398679999168962240e-02 3.713984999922104180e-02
1.045000000000000000e+02 1.394947825000417652e+01 1.671676939999961178e+02 2.331545000197365880e-02 5.660950002493336797e-03 2.269745000012335368e-01 -1.016693000055965967e-01 -2.148440000019036233e-02 3.213505000167060643e-02
1.055000000000000000e+02 1.380265809999400517e+01 1.671418304000108037e+02 1.669309999851975590e-02 6.988599998294375837e-03 2.277984500033198856e-01 4.083249999530380592e-02 -1.480099999753292650e-02 3.062434999446850270e-02
1.065000000000000000e+02 1.267599489999702200e+01 1.682733459000010043e+02 2.450564999890048057e-02 3.326400001242291182e-03 -6.164549995446577668e-03 4.884339999262010679e-02 -2.601624999806517735e-02 3.335569999762810767e-02
1.075000000000000000e+02 1.346566774999519112e+01 1.693809356750025472e+02 3.048707499692682177e-02 -9.122771999936958309e-01 8.968581499939318746e-01 5.175020000388030894e-02 -3.134155000225291587e-02 4.901125000105821528e-02
1.085000000000000000e+02 1.368000795000261860e+01 1.699334868999940227e+02 3.082274999906076118e-02 -2.404876749998948071e+00 2.400863700000627432e+00 3.950500000064494088e-02 -3.167720000055851415e-02 4.150384999957168475e-02
1.095000000000000000e+02 1.391300960000808118e+01 1.698839721999975154e+02 2.267449999635573477e-02 -1.279006950004259124e+00 1.280685450008604676e+00 3.198239998891949654e-02 -3.164669999387115240e-02 4.031369999574963003e-02
1.105000000000000000e+02 1.634894814999762502e+01 1.687106628000037745e+02 2.517704999627312645e-02 -1.916499999788356945e-02 2.432244999363319948e-02 2.484135000850073993e-02 -2.383425000152783468e-02 2.815250000276137143e-02
1.115000000000000000e+02 1.916338501999564414e+01 1.674720977800010360e+02 3.166199999395757914e-02 -2.030939999531256035e-02 2.532955000060610473e-02 7.296676750011101831e-01 -2.983857499930309132e-02 -6.691589500005648006e-01
1.125000000000000000e+02 2.021380615000089165e+01 1.665101776500014239e+02 3.948975000093923882e-02 -1.930239999637706205e-02 2.033995000238064677e-02 1.574005149996082764e+00 -3.117370000836672261e-02 -1.507324199992581271e+00
1.135000000000000000e+02 2.026129149999178480e+01 1.674218750500076567e+02 -6.484985000133747235e-02 8.050540000112960115e-02 -7.049560000450583175e-02 1.301330599999346305e+00 -3.167730000131996349e-02 -1.244659399992087856e+00
1.145000000000000000e+02 2.022697449999759556e+01 1.682797089000014239e+02 -8.203430499997921288e-01 8.393249499931698665e-01 -8.440093999888631515e-01 1.010498049996385816e+00 -1.754913500044494867e-01 -1.015655499999411404e+00
1.155000000000000000e+02 2.020031734999611217e+01 1.668410949500066636e+02 3.384399999777087942e-02 -1.486205000401241705e-02 -2.143402500005322509e-01 1.108673100010491908e+00 -1.103332500002579764e+00 5.192261333286296576e-01
1.165000000000000000e+02 2.016482539999560686e+01 1.657866974000062328e+02 2.468869999574963003e-02 -1.672359999793116003e-02 -6.098935000045457855e-02 1.450042500000563450e-01 -1.300049499986926094e-01 1.199951500020688400e-01
1.175000000000000000e+02 2.058386235000216402e+01 1.656080016999985673e+02 3.817744999832939357e-02 -1.766964999842457473e-02 1.533504999679280445e-02 3.700260000186972320e-02 -2.832029999990481883e-02 3.598020000208634883e-02
1.185000000000000000e+02 2.159234619999915594e+01 1.647266387999989092e+02 3.784180000366177410e-02 -4.837050000787712634e-03 1.007099999696947634e-03 2.573547500069253147e-01 -1.998900000762660056e-02 4.296880000038072467e-02
1.195000000000000000e+02 2.174050904999967315e+01 1.643808135999934166e+02 3.285214999777963385e-02 -8.010899997316300869e-03 1.118475000112084672e-02 -2.936706999971647747e-01 -2.416989999619545415e-02 3.767394999158568680e-02
1.205000000000000000e+02 2.175831599999946775e+01 1.635079803499975242e+02 3.802490000089164823e-02 -1.101679999555926770e-02 9.002699996926821768e-03 5.560150000019348226e-01 -3.161774000036530197e-01 3.433230000518960878e-02
1.215000000000000000e+02 2.254882820000057109e+01 1.634548492500034627e+02 4.133600000204751268e-02 -1.184085000568302348e-02 2.014199999393895268e-03 6.426545000067562796e-01 -6.210023000021465123e-01 5.018615000153658912e-02
1.225000000000000000e+02 2.314399213333189209e+01 1.634320068999950308e+02 4.467770000337623060e-02 -1.770019999821670353e-02 3.021199998329393566e-03 1.304138250001415145e+00 -1.284484850002627354e+00 4.833980000694282353e-02
1.235000000000000000e+02 2.298592121666541743e+01 1.637794952499971259e+02 3.616330000659218058e-02 -2.317810000386089087e-02 1.051330000336747617e-02 1.934173599998757709e+00 -1.898513800006185193e+00 3.701780000847065821e-02
1.245000000000000000e+02 2.264331050000328105e+01 1.650620117500002380e+02 4.383845000120345503e-02 -2.999875000386964530e-02 8.499150004354305565e-03 1.002349900001718197e+00 -9.665070000046398491e-01 3.565979999984847382e-02
1.255000000000000000e+02 2.265617375000147149e+01 1.658554077000007965e+02 -3.330995000578695908e-02 5.459600000904174522e-02 1.797479999368079007e-02 3.369140000722836703e-02 -3.021199998329393566e-03 -6.040960000973427668e-02
1.265000000000000000e+02 2.267465210000227671e+01 1.648176498749999155e+02 1.181792499482980929e-02 -9.812929999316111207e-02 1.116950000141514465e-02 2.917474999412661418e-02 2.838150001480244100e-03 1.303354333358583972e-01
1.275000000000000000e+02 2.307896424999489682e+01 1.643436890000011772e+02 5.233760000555776060e-02 -3.302000000257976353e-02 -2.990699998917989433e-03 4.000850000011269003e-02 -1.342800009297206998e-03 5.199280500091845170e-01
1.285000000000000000e+02 2.432281499999953667e+01 1.630364990000016405e+02 4.151914999965811148e-02 4.096527000001515262e-01 -2.078247500030556694e-01 3.601080000225920230e-02 -3.021199998329393566e-03 2.267449999635573477e-02
1.295000000000000000e+02 2.555299374999594875e+01 1.617621765000003506e+02 2.700810000533238053e-02 1.480987499991897494e+00 -5.618279999907827005e-02 3.318785000737989321e-02 -5.508450005436316133e-03 1.399229999515227973e-02
